Tempo  |    x1(t)    |    x2(t)    |    x3(t)    |    x4(t)    |    x5(t)    |    x6(t)    |    x7(t)    |    x8(t)    |    x9(t)    |    x10(t)  
0.000  |  +0.125245  |  -0.229012  |  +0.324402  |  -0.385971  |  +0.421493  |  -0.421493  |  +0.385971  |  -0.324402  |  +0.229012  |  -0.125245
0.025  |  +0.122189  |  -0.223425  |  +0.316487  |  -0.376554  |  +0.411209  |  -0.411209  |  +0.376554  |  -0.316487  |  +0.223425  |  -0.122189
0.050  |  +0.113171  |  -0.206934  |  +0.293127  |  -0.348760  |  +0.380858  |  -0.380858  |  +0.348760  |  -0.293127  |  +0.206934  |  -0.113171
0.075  |  +0.098629  |  -0.180345  |  +0.255463  |  -0.303948  |  +0.331921  |  -0.331921  |  +0.303948  |  -0.255463  |  +0.180345  |  -0.098629
0.100  |  +0.079275  |  -0.144955  |  +0.205332  |  -0.244303  |  +0.266787  |  -0.266787  |  +0.244303  |  -0.205332  |  +0.144955  |  -0.079275
0.125  |  +0.056052  |  -0.102491  |  +0.145182  |  -0.172736  |  +0.188633  |  -0.188633  |  +0.172736  |  -0.145182  |  +0.102491  |  -0.056052
0.150  |  +0.030093  |  -0.055026  |  +0.077946  |  -0.092740  |  +0.101275  |  -0.101275  |  +0.092740  |  -0.077946  |  +0.055026  |  -0.030093
0.175  |  +0.002667  |  -0.004876  |  +0.006907  |  -0.008218  |  +0.008974  |  -0.008974  |  +0.008218  |  -0.006907  |  +0.004876  |  -0.002667
0.200  |  -0.024890  |  +0.045512  |  -0.064469  |  +0.076705  |  -0.083765  |  +0.083765  |  -0.076705  |  +0.064469  |  -0.045512  |  +0.024890
0.225  |  -0.051233  |  +0.093680  |  -0.132700  |  +0.157885  |  -0.172416  |  +0.172416  |  -0.157885  |  +0.132700  |  -0.093680  |  +0.051233
0.250  |  -0.075075  |  +0.137275  |  -0.194454  |  +0.231360  |  -0.252653  |  +0.252653  |  -0.231360  |  +0.194454  |  -0.137275  |  +0.075075
0.275  |  -0.095253  |  +0.174172  |  -0.246719  |  +0.293545  |  -0.320561  |  +0.320561  |  -0.293545  |  +0.246719  |  -0.174172  |  +0.095253
0.300  |  -0.110784  |  +0.202569  |  -0.286945  |  +0.341405  |  -0.372825  |  +0.372825  |  -0.341405  |  +0.286945  |  -0.202569  |  +0.110784
0.325  |  -0.120908  |  +0.221081  |  -0.313168  |  +0.372605  |  -0.406896  |  +0.406896  |  -0.372605  |  +0.313168  |  -0.221081  |  +0.120908
0.350  |  -0.125132  |  +0.228805  |  -0.324108  |  +0.385621  |  -0.421111  |  +0.421111  |  -0.385621  |  +0.324108  |  -0.228805  |  +0.125132
0.375  |  -0.123249  |  +0.225363  |  -0.319232  |  +0.379820  |  -0.414776  |  +0.414776  |  -0.379820  |  +0.319232  |  -0.225363  |  +0.123249
0.400  |  -0.115352  |  +0.210923  |  -0.298778  |  +0.355484  |  -0.388200  |  +0.388200  |  -0.355484  |  +0.298778  |  -0.210923  |  +0.115352
0.425  |  -0.101826  |  +0.186190  |  -0.263743  |  +0.313800  |  -0.342680  |  +0.342680  |  -0.313800  |  +0.263743  |  -0.186190  |  +0.101826
0.450  |  -0.083331  |  +0.152371  |  -0.215838  |  +0.256803  |  -0.280437  |  +0.280437  |  -0.256803  |  +0.215838  |  -0.152371  |  +0.083331
0.475  |  -0.060769  |  +0.111117  |  -0.157400  |  +0.187274  |  -0.204509  |  +0.204509  |  -0.187274  |  +0.157400  |  -0.111117  |  +0.060769
0.500  |  -0.035242  |  +0.064440  |  -0.091281  |  +0.108606  |  -0.118601  |  +0.118601  |  -0.108606  |  +0.091281  |  -0.064440  |  +0.035242
0.525  |  -0.007995  |  +0.014619  |  -0.020708  |  +0.024638  |  -0.026906  |  +0.026906  |  -0.024638  |  +0.020708  |  -0.014619  |  +0.007995
0.550  |  +0.019642  |  -0.035916  |  +0.050876  |  -0.060532  |  +0.066103  |  -0.066103  |  +0.060532  |  -0.050876  |  +0.035916  |  -0.019642
0.575  |  +0.046321  |  -0.084698  |  +0.119977  |  -0.142748  |  +0.155885  |  -0.155885  |  +0.142748  |  -0.119977  |  +0.084698  |  -0.046321
0.600  |  +0.070739  |  -0.129347  |  +0.183223  |  -0.217998  |  +0.238061  |  -0.238061  |  +0.217998  |  -0.183223  |  +0.129347  |  -0.070739
0.625  |  +0.091705  |  -0.167684  |  +0.237529  |  -0.282610  |  +0.308619  |  -0.308619  |  +0.282610  |  -0.237529  |  +0.167684  |  -0.091705
0.650  |  +0.108196  |  -0.197838  |  +0.280242  |  -0.333430  |  +0.364117  |  -0.364117  |  +0.333430  |  -0.280242  |  +0.197838  |  -0.108196
0.675  |  +0.119407  |  -0.218337  |  +0.309281  |  -0.367980  |  +0.401846  |  -0.401846  |  +0.367980  |  -0.309281  |  +0.218337  |  -0.119407
0.700  |  +0.124791  |  -0.228182  |  +0.323226  |  -0.384572  |  +0.419965  |  -0.419965  |  +0.384572  |  -0.323226  |  +0.228182  |  -0.124791
0.725  |  +0.124086  |  -0.226892  |  +0.321398  |  -0.382397  |  +0.417591  |  -0.417591  |  +0.382397  |  -0.321398  |  +0.226892  |  -0.124086
0.750  |  +0.117325  |  -0.214529  |  +0.303886  |  -0.361562  |  +0.394838  |  -0.394838  |  +0.361562  |  -0.303886  |  +0.214529  |  -0.117325
0.775  |  +0.104838  |  -0.191698  |  +0.271545  |  -0.323083  |  +0.352817  |  -0.352817  |  +0.323083  |  -0.271545  |  +0.191698  |  -0.104838
0.800  |  +0.087236  |  -0.159512  |  +0.225953  |  -0.268837  |  +0.293578  |  -0.293578  |  +0.268837  |  -0.225953  |  +0.159512  |  -0.087236
0.825  |  +0.065376  |  -0.119541  |  +0.169334  |  -0.201472  |  +0.220014  |  -0.220014  |  +0.201472  |  -0.169334  |  +0.119541  |  -0.065376
0.850  |  +0.040327  |  -0.073738  |  +0.104451  |  -0.124275  |  +0.135713  |  -0.135713  |  +0.124275  |  -0.104451  |  +0.073738  |  -0.040327
0.875  |  +0.013309  |  -0.024335  |  +0.034472  |  -0.041014  |  +0.044789  |  -0.044789  |  +0.041014  |  -0.034472  |  +0.024335  |  -0.013309
0.900  |  -0.014358  |  +0.026254  |  -0.037190  |  +0.044248  |  -0.048321  |  +0.048321  |  -0.044248  |  +0.037190  |  -0.026254  |  +0.014358
0.925  |  -0.041325  |  +0.075563  |  -0.107037  |  +0.127352  |  -0.139072  |  +0.139072  |  -0.127352  |  +0.107037  |  -0.075563  |  +0.041325
0.950  |  -0.066275  |  +0.121184  |  -0.171660  |  +0.204240  |  -0.223037  |  +0.223037  |  -0.204240  |  +0.171660  |  -0.121184  |  +0.066275
0.975  |  -0.087990  |  +0.160891  |  -0.227907  |  +0.271162  |  -0.296118  |  +0.296118  |  -0.271162  |  +0.227907  |  -0.160891  |  +0.087990
1.000  |  -0.105412  |  +0.192747  |  -0.273032  |  +0.324851  |  -0.354748  |  +0.354748  |  -0.324851  |  +0.273032  |  -0.192747  |  +0.105412
1.025  |  -0.117690  |  +0.215197  |  -0.304833  |  +0.362688  |  -0.396067  |  +0.396067  |  -0.362688  |  +0.304833  |  -0.215197  |  +0.117690
1.050  |  -0.124225  |  +0.227146  |  -0.321758  |  +0.382826  |  -0.418058  |  +0.418058  |  -0.382826  |  +0.321758  |  -0.227146  |  +0.124225
1.075  |  -0.124697  |  +0.228010  |  -0.322982  |  +0.384282  |  -0.419648  |  +0.419648  |  -0.384282  |  +0.322982  |  -0.228010  |  +0.124697
1.100  |  -0.119084  |  +0.217747  |  -0.308444  |  +0.366985  |  -0.400759  |  +0.400759  |  -0.366985  |  +0.308444  |  -0.217747  |  +0.119084
1.125  |  -0.107660  |  +0.196858  |  -0.278855  |  +0.331779  |  -0.362314  |  +0.362314  |  -0.331779  |  +0.278855  |  -0.196858  |  +0.107660
1.150  |  -0.090983  |  +0.166363  |  -0.235657  |  +0.280383  |  -0.306188  |  +0.306188  |  -0.280383  |  +0.235657  |  -0.166363  |  +0.090983
1.175  |  -0.069865  |  +0.127749  |  -0.180960  |  +0.215305  |  -0.235120  |  +0.235120  |  -0.215305  |  +0.180960  |  -0.127749  |  +0.069865
1.200  |  -0.045338  |  +0.082901  |  -0.117432  |  +0.139719  |  -0.152578  |  +0.152578  |  -0.139719  |  +0.117432  |  -0.082901  |  +0.045338
1.225  |  -0.018599  |  +0.034008  |  -0.048173  |  +0.057316  |  -0.062591  |  +0.062591  |  -0.057316  |  +0.048173  |  -0.034008  |  +0.018599
1.250  |  +0.009048  |  -0.016545  |  +0.023437  |  -0.027885  |  +0.030451  |  -0.030451  |  +0.027885  |  -0.023437  |  +0.016545  |  -0.009048
1.275  |  +0.036254  |  -0.066291  |  +0.093903  |  -0.111725  |  +0.122007  |  -0.122007  |  +0.111725  |  -0.093903  |  +0.066291  |  -0.036254
1.300  |  +0.061690  |  -0.112801  |  +0.159786  |  -0.190113  |  +0.207609  |  -0.207609  |  +0.190113  |  -0.159786  |  +0.112801  |  -0.061690
1.325  |  +0.084116  |  -0.153807  |  +0.217872  |  -0.259223  |  +0.283080  |  -0.283080  |  +0.259223  |  -0.217872  |  +0.153807  |  -0.084116
1.350  |  +0.102437  |  -0.187308  |  +0.265326  |  -0.315683  |  +0.344736  |  -0.344736  |  +0.315683  |  -0.265326  |  +0.187308  |  -0.102437
1.375  |  +0.115759  |  -0.211667  |  +0.299832  |  -0.356739  |  +0.389570  |  -0.389570  |  +0.356739  |  -0.299832  |  +0.211667  |  -0.115759
1.400  |  +0.123433  |  -0.225698  |  +0.319707  |  -0.380385  |  +0.415393  |  -0.415393  |  +0.380385  |  -0.319707  |  +0.225698  |  -0.123433
1.425  |  +0.125082  |  -0.228714  |  +0.323980  |  -0.385469  |  +0.420945  |  -0.420945  |  +0.385469  |  -0.323980  |  +0.228714  |  -0.125082
1.450  |  +0.120628  |  -0.220570  |  +0.312443  |  -0.371742  |  +0.405955  |  -0.405955  |  +0.371742  |  -0.312443  |  +0.220570  |  -0.120628
1.475  |  +0.110287  |  -0.201662  |  +0.285659  |  -0.339875  |  +0.371154  |  -0.371154  |  +0.339875  |  -0.285659  |  +0.201662  |  -0.110287
1.500  |  +0.094564  |  -0.172912  |  +0.244935  |  -0.291422  |  +0.318242  |  -0.318242  |  +0.291422  |  -0.244935  |  +0.172912  |  -0.094564
1.525  |  +0.074227  |  -0.135725  |  +0.192258  |  -0.228747  |  +0.249799  |  -0.249799  |  +0.228747  |  -0.192258  |  +0.135725  |  -0.074227
1.550  |  +0.050267  |  -0.091914  |  +0.130199  |  -0.154910  |  +0.169167  |  -0.169167  |  +0.154910  |  -0.130199  |  +0.091914  |  -0.050267
1.575  |  +0.023855  |  -0.043618  |  +0.061787  |  -0.073513  |  +0.080279  |  -0.080279  |  +0.073513  |  -0.061787  |  +0.043618  |  -0.023855
1.600  |  -0.003722  |  +0.006806  |  -0.009641  |  +0.011471  |  -0.012527  |  +0.012527  |  -0.011471  |  +0.009641  |  -0.006806  |  +0.003722
1.625  |  -0.031117  |  +0.056899  |  -0.080598  |  +0.095895  |  -0.104721  |  +0.104721  |  -0.095895  |  +0.080598  |  -0.056899  |  +0.031117
1.650  |  -0.056994  |  +0.104214  |  -0.147622  |  +0.175640  |  -0.191805  |  +0.191805  |  -0.175640  |  +0.147622  |  -0.104214  |  +0.056994
1.675  |  -0.080089  |  +0.146444  |  -0.207442  |  +0.246814  |  -0.269528  |  +0.269528  |  -0.246814  |  +0.207442  |  -0.146444  |  +0.080089
1.700  |  -0.099276  |  +0.181528  |  -0.257139  |  +0.305943  |  -0.334099  |  +0.334099  |  -0.305943  |  +0.257139  |  -0.181528  |  +0.099276
1.725  |  -0.113619  |  +0.207753  |  -0.294288  |  +0.350142  |  -0.382367  |  +0.382367  |  -0.350142  |  +0.294288  |  -0.207753  |  +0.113619
1.750  |  -0.122417  |  +0.223840  |  -0.317076  |  +0.377255  |  -0.411974  |  +0.411974  |  -0.377255  |  +0.317076  |  -0.223840  |  +0.122417
1.775  |  -0.125241  |  +0.229004  |  -0.324390  |  +0.385958  |  -0.421478  |  +0.421478  |  -0.385958  |  +0.324390  |  -0.229004  |  +0.125241
1.800  |  -0.121953  |  +0.222993  |  -0.315875  |  +0.375826  |  -0.410414  |  +0.410414  |  -0.375826  |  +0.315875  |  -0.222993  |  +0.121953
1.825  |  -0.112714  |  +0.206099  |  -0.291945  |  +0.347354  |  -0.379322  |  +0.379322  |  -0.347354  |  +0.291945  |  -0.206099  |  +0.112714
1.850  |  -0.097975  |  +0.179148  |  -0.253768  |  +0.301931  |  -0.329719  |  +0.329719  |  -0.301931  |  +0.253768  |  -0.179148  |  +0.097975
1.875  |  -0.078454  |  +0.143455  |  -0.203207  |  +0.241775  |  -0.264026  |  +0.264026  |  -0.241775  |  +0.203207  |  -0.143455  |  +0.078454
1.900  |  -0.055105  |  +0.100761  |  -0.142731  |  +0.169820  |  -0.185449  |  +0.185449  |  -0.169820  |  +0.142731  |  -0.100761  |  +0.055105
1.925  |  -0.029067  |  +0.053150  |  -0.075288  |  +0.089578  |  -0.097822  |  +0.097822  |  -0.089578  |  +0.075288  |  -0.053150  |  +0.029067
1.950  |  -0.001611  |  +0.002945  |  -0.004172  |  +0.004964  |  -0.005421  |  +0.005421  |  -0.004964  |  +0.004172  |  -0.002945  |  +0.001611
1.975  |  +0.025924  |  -0.047403  |  +0.067148  |  -0.079892  |  +0.087244  |  -0.087244  |  +0.079892  |  -0.067148  |  +0.047403  |  -0.025924
2.000  |  +0.052194  |  -0.095438  |  +0.135191  |  -0.160849  |  +0.175652  |  -0.175652  |  +0.160849  |  -0.135191  |  +0.095438  |  -0.052194
2.025  |  +0.075917  |  -0.138816  |  +0.196636  |  -0.233957  |  +0.255488  |  -0.255488  |  +0.233957  |  -0.196636  |  +0.138816  |  -0.075917
2.050  |  +0.095936  |  -0.175420  |  +0.248486  |  -0.295647  |  +0.322857  |  -0.322857  |  +0.295647  |  -0.248486  |  +0.175420  |  -0.095936
2.075  |  +0.111272  |  -0.203463  |  +0.288210  |  -0.342911  |  +0.374470  |  -0.374470  |  +0.342911  |  -0.288210  |  +0.203463  |  -0.111272
2.100  |  +0.121179  |  -0.221577  |  +0.313870  |  -0.373440  |  +0.407809  |  -0.407809  |  +0.373440  |  -0.313870  |  +0.221577  |  -0.121179
2.125  |  +0.125172  |  -0.228879  |  +0.324213  |  -0.385746  |  +0.421247  |  -0.421247  |  +0.385746  |  -0.324213  |  +0.228879  |  -0.125172
2.150  |  +0.123057  |  -0.225011  |  +0.318734  |  -0.379228  |  +0.414129  |  -0.414129  |  +0.379228  |  -0.318734  |  +0.225011  |  -0.123057
2.175  |  +0.114937  |  -0.210163  |  +0.297702  |  -0.354203  |  +0.386802  |  -0.386802  |  +0.354203  |  -0.297702  |  +0.210163  |  -0.114937
2.200  |  +0.101208  |  -0.185059  |  +0.262141  |  -0.311894  |  +0.340598  |  -0.340598  |  +0.311894  |  -0.262141  |  +0.185059  |  -0.101208
2.225  |  +0.082540  |  -0.150925  |  +0.213789  |  -0.254364  |  +0.277774  |  -0.277774  |  +0.254364  |  -0.213789  |  +0.150925  |  -0.082540
2.250  |  +0.059844  |  -0.109425  |  +0.155003  |  -0.184422  |  +0.201394  |  -0.201394  |  +0.184422  |  -0.155003  |  +0.109425  |  -0.059844
2.275  |  +0.034227  |  -0.062585  |  +0.088654  |  -0.105479  |  +0.115187  |  -0.115187  |  +0.105479  |  -0.088654  |  +0.062585  |  -0.034227
2.300  |  +0.006941  |  -0.012691  |  +0.017978  |  -0.021390  |  +0.023358  |  -0.023358  |  +0.021390  |  -0.017978  |  +0.012691  |  -0.006941
2.325  |  -0.020684  |  +0.037822  |  -0.053575  |  +0.063743  |  -0.069610  |  +0.069610  |  -0.063743  |  +0.053575  |  -0.037822  |  +0.020684
2.350  |  -0.047300  |  +0.086489  |  -0.122514  |  +0.145766  |  -0.159181  |  +0.159181  |  -0.145766  |  +0.122514  |  -0.086489  |  +0.047300
2.375  |  -0.071608  |  +0.130936  |  -0.185474  |  +0.220676  |  -0.240985  |  +0.240985  |  -0.220676  |  +0.185474  |  -0.130936  |  +0.071608
2.400  |  -0.092421  |  +0.168993  |  -0.239383  |  +0.284816  |  -0.311028  |  +0.311028  |  -0.284816  |  +0.239383  |  -0.168993  |  +0.092421
2.425  |  -0.108724  |  +0.198803  |  -0.281610  |  +0.335058  |  -0.365894  |  +0.365894  |  -0.335058  |  +0.281610  |  -0.198803  |  +0.108724
2.450  |  -0.119722  |  +0.218912  |  -0.310095  |  +0.368949  |  -0.402904  |  +0.402904  |  -0.368949  |  +0.310095  |  -0.218912  |  +0.119722
2.475  |  -0.124877  |  +0.228338  |  -0.323447  |  +0.384835  |  -0.420253  |  +0.420253  |  -0.384835  |  +0.323447  |  -0.228338  |  +0.124877
2.500  |  -0.123938  |  +0.226622  |  -0.321016  |  +0.381942  |  -0.417093  |  +0.417093  |  -0.381942  |  +0.321016  |  -0.226622  |  +0.123938
2.525  |  -0.116951  |  +0.213846  |  -0.302918  |  +0.360410  |  -0.393580  |  +0.393580  |  -0.360410  |  +0.302918  |  -0.213846  |  +0.116951
2.550  |  -0.104257  |  +0.190635  |  -0.270039  |  +0.321291  |  -0.350860  |  +0.350860  |  -0.321291  |  +0.270039  |  -0.190635  |  +0.104257
2.575  |  -0.086475  |  +0.158121  |  -0.223982  |  +0.266492  |  -0.291018  |  +0.291018  |  -0.266492  |  +0.223982  |  -0.158121  |  +0.086475
2.600  |  -0.064473  |  +0.117890  |  -0.166995  |  +0.198689  |  -0.216975  |  +0.216975  |  -0.198689  |  +0.166995  |  -0.117890  |  +0.064473
2.625  |  -0.039325  |  +0.071907  |  -0.101858  |  +0.121190  |  -0.132343  |  +0.132343  |  -0.121190  |  +0.101858  |  -0.071907  |  +0.039325
2.650  |  -0.012258  |  +0.022415  |  -0.031751  |  +0.037777  |  -0.041254  |  +0.041254  |  -0.037777  |  +0.031751  |  -0.022415  |  +0.012258
2.675  |  +0.015407  |  -0.028172  |  +0.039906  |  -0.047480  |  +0.051849  |  -0.051849  |  +0.047480  |  -0.039906  |  +0.028172  |  -0.015407
2.700  |  +0.042320  |  -0.077383  |  +0.109615  |  -0.130419  |  +0.142422  |  -0.142422  |  +0.130419  |  -0.109615  |  +0.077383  |  -0.042320
2.725  |  +0.067168  |  -0.122818  |  +0.173975  |  -0.206994  |  +0.226045  |  -0.226045  |  +0.206994  |  -0.173975  |  +0.122818  |  -0.067168
2.750  |  +0.088739  |  -0.162260  |  +0.229845  |  -0.273468  |  +0.298636  |  -0.298636  |  +0.273468  |  -0.229845  |  +0.162260  |  -0.088739
2.775  |  +0.105979  |  -0.193783  |  +0.274499  |  -0.326597  |  +0.356655  |  -0.356655  |  +0.326597  |  -0.274499  |  +0.193783  |  -0.105979
2.800  |  +0.118047  |  -0.215850  |  +0.305758  |  -0.363788  |  +0.397269  |  -0.397269  |  +0.363788  |  -0.305758  |  +0.215850  |  -0.118047
2.825  |  +0.124355  |  -0.227384  |  +0.322095  |  -0.383227  |  +0.418496  |  -0.418496  |  +0.383227  |  -0.322095  |  +0.227384  |  -0.124355
2.850  |  +0.124594  |  -0.227821  |  +0.322715  |  -0.383964  |  +0.419301  |  -0.419301  |  +0.383964  |  -0.322715  |  +0.227821  |  -0.124594
2.875  |  +0.118753  |  -0.217141  |  +0.307586  |  -0.365964  |  +0.399644  |  -0.399644  |  +0.365964  |  -0.307586  |  +0.217141  |  -0.118753
2.900  |  +0.107117  |  -0.195865  |  +0.277447  |  -0.330105  |  +0.360485  |  -0.360485  |  +0.330105  |  -0.277447  |  +0.195865  |  -0.107117
2.925  |  +0.090254  |  -0.165030  |  +0.233769  |  -0.278137  |  +0.303735  |  -0.303735  |  +0.278137  |  -0.233769  |  +0.165030  |  -0.090254
2.950  |  +0.068986  |  -0.126142  |  +0.178683  |  -0.212596  |  +0.232162  |  -0.232162  |  +0.212596  |  -0.178683  |  +0.126142  |  -0.068986
2.975  |  +0.044352  |  -0.081098  |  +0.114878  |  -0.136681  |  +0.149260  |  -0.149260  |  +0.136681  |  -0.114878  |  +0.081098  |  -0.044352
3.000  |  +0.017554  |  -0.032097  |  +0.045466  |  -0.054096  |  +0.059074  |  -0.059074  |  +0.054096  |  -0.045466  |  +0.032097  |  -0.017554
3.025  |  -0.010101  |  +0.018470  |  -0.026164  |  +0.031130  |  -0.033995  |  +0.033995  |  -0.031130  |  +0.026164  |  -0.018470  |  +0.010101
3.050  |  -0.037263  |  +0.068137  |  -0.096517  |  +0.114836  |  -0.125404  |  +0.125404  |  -0.114836  |  +0.096517  |  -0.068137  |  +0.037263
3.075  |  -0.062607  |  +0.114478  |  -0.162161  |  +0.192938  |  -0.210694  |  +0.210694  |  -0.192938  |  +0.162161  |  -0.114478  |  +0.062607
3.100  |  -0.084896  |  +0.155232  |  -0.219891  |  +0.261625  |  -0.285703  |  +0.285703  |  -0.261625  |  +0.219891  |  -0.155232  |  +0.084896
3.125  |  -0.103041  |  +0.188412  |  -0.266890  |  +0.317544  |  -0.346769  |  +0.346769  |  -0.317544  |  +0.266890  |  -0.188412  |  +0.103041
3.150  |  -0.116158  |  +0.212397  |  -0.300866  |  +0.357968  |  -0.390913  |  +0.390913  |  -0.357968  |  +0.300866  |  -0.212397  |  +0.116158
3.175  |  -0.123607  |  +0.226017  |  -0.320159  |  +0.380923  |  -0.415981  |  +0.415981  |  -0.380923  |  +0.320159  |  -0.226017  |  +0.123607
3.200  |  -0.125024  |  +0.228608  |  -0.323829  |  +0.385289  |  -0.420749  |  +0.420749  |  -0.385289  |  +0.323829  |  -0.228608  |  +0.125024
3.225  |  -0.120340  |  +0.220043  |  -0.311696  |  +0.370854  |  -0.404984  |  +0.404984  |  -0.370854  |  +0.311696  |  -0.220043  |  +0.120340
3.250  |  -0.109783  |  +0.200739  |  -0.284352  |  +0.338321  |  -0.369457  |  +0.369457  |  -0.338321  |  +0.284352  |  -0.200739  |  +0.109783
3.275  |  -0.093869  |  +0.171640  |  -0.243133  |  +0.289278  |  -0.315901  |  +0.315901  |  -0.289278  |  +0.243133  |  -0.171640  |  +0.093869
3.300  |  -0.073374  |  +0.134165  |  -0.190048  |  +0.226118  |  -0.246928  |  +0.246928  |  -0.226118  |  +0.190048  |  -0.134165  |  +0.073374
3.325  |  -0.049298  |  +0.090143  |  -0.127689  |  +0.151924  |  -0.165906  |  +0.165906  |  -0.151924  |  +0.127689  |  -0.090143  |  +0.049298
3.350  |  -0.022817  |  +0.041721  |  -0.059099  |  +0.070316  |  -0.076787  |  +0.076787  |  -0.070316  |  +0.059099  |  -0.041721  |  +0.022817
3.375  |  +0.004778  |  -0.008736  |  +0.012375  |  -0.014723  |  +0.016078  |  -0.016078  |  +0.014723  |  -0.012375  |  +0.008736  |  -0.004778
3.400  |  +0.032139  |  -0.058767  |  +0.083245  |  -0.099044  |  +0.108159  |  -0.108159  |  +0.099044  |  -0.083245  |  +0.058767  |  -0.032139
3.425  |  +0.057932  |  -0.105930  |  +0.150052  |  -0.178531  |  +0.194962  |  -0.194962  |  +0.178531  |  -0.150052  |  +0.105930  |  -0.057932
3.450  |  +0.080898  |  -0.147924  |  +0.209538  |  -0.249307  |  +0.272251  |  -0.272251  |  +0.249307  |  -0.209538  |  +0.147924  |  -0.080898
3.475  |  +0.099917  |  -0.182699  |  +0.258798  |  -0.307916  |  +0.336254  |  -0.336254  |  +0.307916  |  -0.258798  |  +0.182699  |  -0.099917
3.500  |  +0.114059  |  -0.208559  |  +0.295429  |  -0.351499  |  +0.383848  |  -0.383848  |  +0.351499  |  -0.295429  |  +0.208559  |  -0.114059
3.525  |  +0.122636  |  -0.224241  |  +0.317643  |  -0.377929  |  +0.412711  |  -0.412711  |  +0.377929  |  -0.317643  |  +0.224241  |  -0.122636
3.550  |  +0.125227  |  -0.228980  |  +0.324356  |  -0.385916  |  +0.421433  |  -0.421433  |  +0.385916  |  -0.324356  |  +0.228980  |  -0.125227
3.575  |  +0.121708  |  -0.222545  |  +0.315241  |  -0.375071  |  +0.409590  |  -0.409590  |  +0.375071  |  -0.315241  |  +0.222545  |  -0.121708
3.600  |  +0.112250  |  -0.205250  |  +0.290742  |  -0.345923  |  +0.377759  |  -0.377759  |  +0.345923  |  -0.290742  |  +0.205250  |  -0.112250
3.625  |  +0.097314  |  -0.177939  |  +0.252055  |  -0.299894  |  +0.327494  |  -0.327494  |  +0.299894  |  -0.252055  |  +0.177939  |  -0.097314
3.650  |  +0.077628  |  -0.141945  |  +0.201068  |  -0.239230  |  +0.261247  |  -0.261247  |  +0.239230  |  -0.201068  |  +0.141945  |  -0.077628
3.675  |  +0.054155  |  -0.099023  |  +0.140269  |  -0.166891  |  +0.182251  |  -0.182251  |  +0.166891  |  -0.140269  |  +0.099023  |  -0.054155
3.700  |  +0.028039  |  -0.051270  |  +0.072625  |  -0.086409  |  +0.094362  |  -0.094362  |  +0.086409  |  -0.072625  |  +0.051270  |  -0.028039
3.725  |  +0.000555  |  -0.001015  |  +0.001437  |  -0.001710  |  +0.001867  |  -0.001867  |  +0.001710  |  -0.001437  |  +0.001015  |  -0.000555
3.750  |  -0.026957  |  +0.049290  |  -0.069821  |  +0.083073  |  -0.090718  |  +0.090718  |  -0.083073  |  +0.069821  |  -0.049290  |  +0.026957
3.775  |  -0.053152  |  +0.097190  |  -0.137672  |  +0.163801  |  -0.178876  |  +0.178876  |  -0.163801  |  +0.137672  |  -0.097190  |  +0.053152
3.800  |  -0.076755  |  +0.140347  |  -0.198805  |  +0.236537  |  -0.258306  |  +0.258306  |  -0.236537  |  +0.198805  |  -0.140347  |  +0.076755
3.825  |  -0.096611  |  +0.176655  |  -0.250236  |  +0.297729  |  -0.325130  |  +0.325130  |  -0.297729  |  +0.250236  |  -0.176655  |  +0.096611
3.850  |  -0.111753  |  +0.204342  |  -0.289456  |  +0.344392  |  -0.376088  |  +0.376088  |  -0.344392  |  +0.289456  |  -0.204342  |  +0.111753
3.875  |  -0.121442  |  +0.222057  |  -0.314550  |  +0.374250  |  -0.408693  |  +0.408693  |  -0.374250  |  +0.314550  |  -0.222057  |  +0.121442
3.900  |  -0.125204  |  +0.228937  |  -0.324295  |  +0.385844  |  -0.421354  |  +0.421354  |  -0.385844  |  +0.324295  |  -0.228937  |  +0.125204
3.925  |  -0.122856  |  +0.224644  |  -0.318214  |  +0.378609  |  -0.413453  |  +0.413453  |  -0.378609  |  +0.318214  |  -0.224644  |  +0.122856
3.950  |  -0.114513  |  +0.209389  |  -0.296604  |  +0.352898  |  -0.385376  |  +0.385376  |  -0.352898  |  +0.296604  |  -0.209389  |  +0.114513
3.975  |  -0.100582  |  +0.183915  |  -0.260521  |  +0.309966  |  -0.338493  |  +0.338493  |  -0.309966  |  +0.260521  |  -0.183915  |  +0.100582
4.000  |  -0.081742  |  +0.149467  |  -0.211724  |  +0.251908  |  -0.275091  |  +0.275091  |  -0.251908  |  +0.211724  |  -0.149467  |  +0.081742
4.025  |  -0.058914  |  +0.107725  |  -0.152595  |  +0.181556  |  -0.198266  |  +0.198266  |  -0.181556  |  +0.152595  |  -0.107725  |  +0.058914
4.050  |  -0.033210  |  +0.060726  |  -0.086019  |  +0.102345  |  -0.111764  |  +0.111764  |  -0.102345  |  +0.086019  |  -0.060726  |  +0.033210
4.075  |  -0.005886  |  +0.010763  |  -0.015246  |  +0.018140  |  -0.019809  |  +0.019809  |  -0.018140  |  +0.015246  |  -0.010763  |  +0.005886
4.100  |  +0.021725  |  -0.039725  |  +0.056271  |  -0.066951  |  +0.073112  |  -0.073112  |  +0.066951  |  -0.056271  |  +0.039725  |  -0.021725
4.125  |  +0.048276  |  -0.088274  |  +0.125042  |  -0.148774  |  +0.162466  |  -0.162466  |  +0.148774  |  -0.125042  |  +0.088274  |  -0.048276
4.150  |  +0.072472  |  -0.132515  |  +0.187711  |  -0.223338  |  +0.243892  |  -0.243892  |  +0.223338  |  -0.187711  |  +0.132515  |  -0.072472
4.175  |  +0.093130  |  -0.170290  |  +0.241220  |  -0.287002  |  +0.313416  |  -0.313416  |  +0.287002  |  -0.241220  |  +0.170290  |  -0.093130
4.200  |  +0.109244  |  -0.199755  |  +0.282958  |  -0.336661  |  +0.367645  |  -0.367645  |  +0.336661  |  -0.282958  |  +0.199755  |  -0.109244
4.225  |  +0.120027  |  -0.219472  |  +0.310887  |  -0.369891  |  +0.403934  |  -0.403934  |  +0.369891  |  -0.310887  |  +0.219472  |  -0.120027
4.250  |  +0.124953  |  -0.228478  |  +0.323645  |  -0.385071  |  +0.420510  |  -0.420510  |  +0.385071  |  -0.323645  |  +0.228478  |  -0.124953
4.275  |  +0.123781  |  -0.226335  |  +0.320610  |  -0.381460  |  +0.416566  |  -0.416566  |  +0.381460  |  -0.320610  |  +0.226335  |  -0.123781
4.300  |  +0.116569  |  -0.213147  |  +0.301929  |  -0.359233  |  +0.392294  |  -0.392294  |  +0.359233  |  -0.301929  |  +0.213147  |  -0.116569
4.325  |  +0.103668  |  -0.189558  |  +0.268514  |  -0.319476  |  +0.348878  |  -0.348878  |  +0.319476  |  -0.268514  |  +0.189558  |  -0.103668
4.350  |  +0.085708  |  -0.156718  |  +0.221996  |  -0.264129  |  +0.288437  |  -0.288437  |  +0.264129  |  -0.221996  |  +0.156718  |  -0.085708
4.375  |  +0.063566  |  -0.116231  |  +0.164644  |  -0.195892  |  +0.213921  |  -0.213921  |  +0.195892  |  -0.164644  |  +0.116231  |  -0.063566
4.400  |  +0.038321  |  -0.070071  |  +0.099258  |  -0.118096  |  +0.128965  |  -0.128965  |  +0.118096  |  -0.099258  |  +0.070071  |  -0.038321
4.425  |  +0.011207  |  -0.020492  |  +0.029028  |  -0.034537  |  +0.037716  |  -0.037716  |  +0.034537  |  -0.029028  |  +0.020492  |  -0.011207
4.450  |  -0.016454  |  +0.030087  |  -0.042619  |  +0.050707  |  -0.055374  |  +0.055374  |  -0.050707  |  +0.042619  |  -0.030087  |  +0.016454
4.475  |  -0.043313  |  +0.079197  |  -0.112185  |  +0.133477  |  -0.145762  |  +0.145762  |  -0.133477  |  +0.112185  |  -0.079197  |  +0.043313
4.500  |  -0.068057  |  +0.124443  |  -0.176277  |  +0.209734  |  -0.229036  |  +0.229036  |  -0.209734  |  +0.176277  |  -0.124443  |  +0.068057
4.525  |  -0.089481  |  +0.163617  |  -0.231767  |  +0.275755  |  -0.301133  |  +0.301133  |  -0.275755  |  +0.231767  |  -0.163617  |  +0.089481
4.550  |  -0.106538  |  +0.194805  |  -0.275947  |  +0.328320  |  -0.358536  |  +0.358536  |  -0.328320  |  +0.275947  |  -0.194805  |  +0.106538
4.575  |  -0.118396  |  +0.216488  |  -0.306661  |  +0.364863  |  -0.398442  |  +0.398442  |  -0.364863  |  +0.306661  |  -0.216488  |  +0.118396
4.600  |  -0.124476  |  +0.227606  |  -0.322409  |  +0.383600  |  -0.418904  |  +0.418904  |  -0.383600  |  +0.322409  |  -0.227606  |  +0.124476
4.625  |  -0.124482  |  +0.227617  |  -0.322425  |  +0.383619  |  -0.418924  |  +0.418924  |  -0.383619  |  +0.322425  |  -0.227617  |  +0.124482
4.650  |  -0.118413  |  +0.216520  |  -0.306706  |  +0.364917  |  -0.398501  |  +0.398501  |  -0.364917  |  +0.306706  |  -0.216520  |  +0.118413
4.675  |  -0.106566  |  +0.194857  |  -0.276020  |  +0.328407  |  -0.358631  |  +0.358631  |  -0.328407  |  +0.276020  |  -0.194857  |  +0.106566
4.700  |  -0.089518  |  +0.163685  |  -0.231865  |  +0.275871  |  -0.301260  |  +0.301260  |  -0.275871  |  +0.231865  |  -0.163685  |  +0.089518
4.725  |  -0.068102  |  +0.124526  |  -0.176394  |  +0.209873  |  -0.229188  |  +0.229188  |  -0.209873  |  +0.176394  |  -0.124526  |  +0.068102
4.750  |  -0.043363  |  +0.079290  |  -0.112316  |  +0.133633  |  -0.145931  |  +0.145931  |  -0.133633  |  +0.112316  |  -0.079290  |  +0.043363
4.775  |  -0.016508  |  +0.030184  |  -0.042757  |  +0.050872  |  -0.055553  |  +0.055553  |  -0.050872  |  +0.042757  |  -0.030184  |  +0.016508
4.800  |  +0.011154  |  -0.020394  |  +0.028889  |  -0.034372  |  +0.037535  |  -0.037535  |  +0.034372  |  -0.028889  |  +0.020394  |  -0.011154
4.825  |  +0.038270  |  -0.069978  |  +0.099125  |  -0.117938  |  +0.128793  |  -0.128793  |  +0.117938  |  -0.099125  |  +0.069978  |  -0.038270
4.850  |  +0.063519  |  -0.116146  |  +0.164524  |  -0.195749  |  +0.213765  |  -0.213765  |  +0.195749  |  -0.164524  |  +0.116146  |  -0.063519
4.875  |  +0.085669  |  -0.156647  |  +0.221894  |  -0.264008  |  +0.288305  |  -0.288305  |  +0.264008  |  -0.221894  |  +0.156647  |  -0.085669
4.900  |  +0.103638  |  -0.189503  |  +0.268436  |  -0.319383  |  +0.348777  |  -0.348777  |  +0.319383  |  -0.268436  |  +0.189503  |  -0.103638
4.925  |  +0.116549  |  -0.213111  |  +0.301878  |  -0.359172  |  +0.392228  |  -0.392228  |  +0.359172  |  -0.301878  |  +0.213111  |  -0.116549
4.950  |  +0.123773  |  -0.226320  |  +0.320589  |  -0.381434  |  +0.416539  |  -0.416539  |  +0.381434  |  -0.320589  |  +0.226320  |  -0.123773
4.975  |  +0.124957  |  -0.228485  |  +0.323655  |  -0.385082  |  +0.420523  |  -0.420523  |  +0.385082  |  -0.323655  |  +0.228485  |  -0.124957
5.000  |  +0.120043  |  -0.219500  |  +0.310927  |  -0.369939  |  +0.403985  |  -0.403985  |  +0.369939  |  -0.310927  |  +0.219500  |  -0.120043
5.025  |  +0.109271  |  -0.199803  |  +0.283026  |  -0.336742  |  +0.367734  |  -0.367734  |  +0.336742  |  -0.283026  |  +0.199803  |  -0.109271
5.050  |  +0.093166  |  -0.170356  |  +0.241313  |  -0.287113  |  +0.313537  |  -0.313537  |  +0.287113  |  -0.241313  |  +0.170356  |  -0.093166
5.075  |  +0.072515  |  -0.132595  |  +0.187825  |  -0.223473  |  +0.244039  |  -0.244039  |  +0.223473  |  -0.187825  |  +0.132595  |  -0.072515
5.100  |  +0.048326  |  -0.088364  |  +0.125171  |  -0.148927  |  +0.162633  |  -0.162633  |  +0.148927  |  -0.125171  |  +0.088364  |  -0.048326
5.125  |  +0.021778  |  -0.039821  |  +0.056408  |  -0.067114  |  +0.073291  |  -0.073291  |  +0.067114  |  -0.056408  |  +0.039821  |  -0.021778
5.150  |  -0.005833  |  +0.010665  |  -0.015107  |  +0.017974  |  -0.019629  |  +0.019629  |  -0.017974  |  +0.015107  |  -0.010665  |  +0.005833
5.175  |  -0.033159  |  +0.060631  |  -0.085885  |  +0.102186  |  -0.111590  |  +0.111590  |  -0.102186  |  +0.085885  |  -0.060631  |  +0.033159
5.200  |  -0.058866  |  +0.107638  |  -0.152472  |  +0.181410  |  -0.198106  |  +0.198106  |  -0.181410  |  +0.152472  |  -0.107638  |  +0.058866
5.225  |  -0.081702  |  +0.149392  |  -0.211618  |  +0.251782  |  -0.274954  |  +0.274954  |  -0.251782  |  +0.211618  |  -0.149392  |  +0.081702
5.250  |  -0.100550  |  +0.183857  |  -0.260438  |  +0.309867  |  -0.338385  |  +0.338385  |  -0.309867  |  +0.260438  |  -0.183857  |  +0.100550
5.275  |  -0.114491  |  +0.209349  |  -0.296548  |  +0.352831  |  -0.385303  |  +0.385303  |  -0.352831  |  +0.296548  |  -0.209349  |  +0.114491
5.300  |  -0.122846  |  +0.224625  |  -0.318187  |  +0.378576  |  -0.413418  |  +0.413418  |  -0.378576  |  +0.318187  |  -0.224625  |  +0.122846
5.325  |  -0.125205  |  +0.228939  |  -0.324298  |  +0.385848  |  -0.421358  |  +0.421358  |  -0.385848  |  +0.324298  |  -0.228939  |  +0.125205
5.350  |  -0.121455  |  +0.222081  |  -0.314584  |  +0.374290  |  -0.408737  |  +0.408737  |  -0.374290  |  +0.314584  |  -0.222081  |  +0.121455
5.375  |  -0.111777  |  +0.204386  |  -0.289518  |  +0.344467  |  -0.376169  |  +0.376169  |  -0.344467  |  +0.289518  |  -0.204386  |  +0.111777
5.400  |  -0.096645  |  +0.176717  |  -0.250324  |  +0.297834  |  -0.325245  |  +0.325245  |  -0.297834  |  +0.250324  |  -0.176717  |  +0.096645
5.425  |  -0.076797  |  +0.140424  |  -0.198915  |  +0.236667  |  -0.258449  |  +0.258449  |  -0.236667  |  +0.198915  |  -0.140424  |  +0.076797
5.450  |  -0.053201  |  +0.097279  |  -0.137798  |  +0.163951  |  -0.179040  |  +0.179040  |  -0.163951  |  +0.137798  |  -0.097279  |  +0.053201
5.475  |  -0.027009  |  +0.049386  |  -0.069957  |  +0.083234  |  -0.090895  |  +0.090895  |  -0.083234  |  +0.069957  |  -0.049386  |  +0.027009
5.500  |  +0.000501  |  -0.000916  |  +0.001298  |  -0.001544  |  +0.001686  |  -0.001686  |  +0.001544  |  -0.001298  |  +0.000916  |  -0.000501
5.525  |  +0.027987  |  -0.051174  |  +0.072490  |  -0.086248  |  +0.094185  |  -0.094185  |  +0.086248  |  -0.072490  |  +0.051174  |  -0.027987
5.550  |  +0.054107  |  -0.098935  |  +0.140144  |  -0.166742  |  +0.182088  |  -0.182088  |  +0.166742  |  -0.140144  |  +0.098935  |  -0.054107
5.575  |  +0.077586  |  -0.141867  |  +0.200959  |  -0.239100  |  +0.261105  |  -0.261105  |  +0.239100  |  -0.200959  |  +0.141867  |  -0.077586
5.600  |  +0.097280  |  -0.177877  |  +0.251968  |  -0.299789  |  +0.327380  |  -0.327380  |  +0.299789  |  -0.251968  |  +0.177877  |  -0.097280
5.625  |  +0.112226  |  -0.205206  |  +0.290680  |  -0.345849  |  +0.377679  |  -0.377679  |  +0.345849  |  -0.290680  |  +0.205206  |  -0.112226
5.650  |  +0.121696  |  -0.222522  |  +0.315208  |  -0.375032  |  +0.409547  |  -0.409547  |  +0.375032  |  -0.315208  |  +0.222522  |  -0.121696
5.675  |  +0.125226  |  -0.228978  |  +0.324354  |  -0.385914  |  +0.421430  |  -0.421430  |  +0.385914  |  -0.324354  |  +0.228978  |  -0.125226
5.700  |  +0.122646  |  -0.224261  |  +0.317671  |  -0.377963  |  +0.412747  |  -0.412747  |  +0.377963  |  -0.317671  |  +0.224261  |  -0.122646
5.725  |  +0.114081  |  -0.208599  |  +0.295486  |  -0.351567  |  +0.383923  |  -0.383923  |  +0.351567  |  -0.295486  |  +0.208599  |  -0.114081
5.750  |  +0.099949  |  -0.182758  |  +0.258882  |  -0.308016  |  +0.336363  |  -0.336363  |  +0.308016  |  -0.258882  |  +0.182758  |  -0.099949
5.775  |  +0.080939  |  -0.147999  |  +0.209644  |  -0.249433  |  +0.272389  |  -0.272389  |  +0.249433  |  -0.209644  |  +0.147999  |  -0.080939
5.800  |  +0.057980  |  -0.106017  |  +0.150176  |  -0.178678  |  +0.195123  |  -0.195123  |  +0.178678  |  -0.150176  |  +0.106017  |  -0.057980
5.825  |  +0.032191  |  -0.058862  |  +0.083379  |  -0.099204  |  +0.108334  |  -0.108334  |  +0.099204  |  -0.083379  |  +0.058862  |  -0.032191
5.850  |  +0.004831  |  -0.008834  |  +0.012514  |  -0.014889  |  +0.016259  |  -0.016259  |  +0.014889  |  -0.012514  |  +0.008834  |  -0.004831
5.875  |  -0.022764  |  +0.041625  |  -0.058962  |  +0.070153  |  -0.076610  |  +0.076610  |  -0.070153  |  +0.058962  |  -0.041625  |  +0.022764
5.900  |  -0.049249  |  +0.090052  |  -0.127561  |  +0.151772  |  -0.165740  |  +0.165740  |  -0.151772  |  +0.127561  |  -0.090052  |  +0.049249
5.925  |  -0.073330  |  +0.134085  |  -0.189935  |  +0.225984  |  -0.246782  |  +0.246782  |  -0.225984  |  +0.189935  |  -0.134085  |  +0.073330
5.950  |  -0.093833  |  +0.171575  |  -0.243040  |  +0.289168  |  -0.315781  |  +0.315781  |  -0.289168  |  +0.243040  |  -0.171575  |  +0.093833
5.975  |  -0.109757  |  +0.200692  |  -0.284285  |  +0.338241  |  -0.369370  |  +0.369370  |  -0.338241  |  +0.284285  |  -0.200692  |  +0.109757
6.000  |  -0.120325  |  +0.220015  |  -0.311657  |  +0.370808  |  -0.404934  |  +0.404934  |  -0.370808  |  +0.311657  |  -0.220015  |  +0.120325
6.025  |  -0.125021  |  +0.228602  |  -0.323821  |  +0.385280  |  -0.420738  |  +0.420738  |  -0.385280  |  +0.323821  |  -0.228602  |  +0.125021
6.050  |  -0.123616  |  +0.226033  |  -0.320182  |  +0.380950  |  -0.416010  |  +0.416010  |  -0.380950  |  +0.320182  |  -0.226033  |  +0.123616
6.075  |  -0.116178  |  +0.212434  |  -0.300918  |  +0.358030  |  -0.390980  |  +0.390980  |  -0.358030  |  +0.300918  |  -0.212434  |  +0.116178
6.100  |  -0.103072  |  +0.188468  |  -0.266970  |  +0.317639  |  -0.346872  |  +0.346872  |  -0.317639  |  +0.266970  |  -0.188468  |  +0.103072
6.125  |  -0.084935  |  +0.155305  |  -0.219993  |  +0.261746  |  -0.285836  |  +0.285836  |  -0.261746  |  +0.219993  |  -0.155305  |  +0.084935
6.150  |  -0.062654  |  +0.114563  |  -0.162281  |  +0.193081  |  -0.210851  |  +0.210851  |  -0.193081  |  +0.162281  |  -0.114563  |  +0.062654
6.175  |  -0.037315  |  +0.068230  |  -0.096650  |  +0.114994  |  -0.125577  |  +0.125577  |  -0.114994  |  +0.096650  |  -0.068230  |  +0.037315
6.200  |  -0.010155  |  +0.018568  |  -0.026303  |  +0.031295  |  -0.034175  |  +0.034175  |  -0.031295  |  +0.026303  |  -0.018568  |  +0.010155
6.225  |  +0.017500  |  -0.032000  |  +0.045328  |  -0.053932  |  +0.058895  |  -0.058895  |  +0.053932  |  -0.045328  |  +0.032000  |  -0.017500
6.250  |  +0.044302  |  -0.081006  |  +0.114748  |  -0.136526  |  +0.149091  |  -0.149091  |  +0.136526  |  -0.114748  |  +0.081006  |  -0.044302
6.275  |  +0.068941  |  -0.126060  |  +0.178567  |  -0.212458  |  +0.232011  |  -0.232011  |  +0.212458  |  -0.178567  |  +0.126060  |  -0.068941
6.300  |  +0.090216  |  -0.164962  |  +0.233673  |  -0.278022  |  +0.303609  |  -0.303609  |  +0.278022  |  -0.233673  |  +0.164962  |  -0.090216
6.325  |  +0.107089  |  -0.195814  |  +0.277375  |  -0.330019  |  +0.360392  |  -0.360392  |  +0.330019  |  -0.277375  |  +0.195814  |  -0.107089
6.350  |  +0.118736  |  -0.217110  |  +0.307542  |  -0.365911  |  +0.399587  |  -0.399587  |  +0.365911  |  -0.307542  |  +0.217110  |  -0.118736
6.375  |  +0.124588  |  -0.227811  |  +0.322701  |  -0.383947  |  +0.419283  |  -0.419283  |  +0.383947  |  -0.322701  |  +0.227811  |  -0.124588
6.400  |  +0.124361  |  -0.227396  |  +0.322112  |  -0.383246  |  +0.418518  |  -0.418518  |  +0.383246  |  -0.322112  |  +0.227396  |  -0.124361
6.425  |  +0.118065  |  -0.215883  |  +0.305804  |  -0.363844  |  +0.397329  |  -0.397329  |  +0.363844  |  -0.305804  |  +0.215883  |  -0.118065
6.450  |  +0.106007  |  -0.193836  |  +0.274573  |  -0.326685  |  +0.356751  |  -0.356751  |  +0.326685  |  -0.274573  |  +0.193836  |  -0.106007
6.475  |  +0.088777  |  -0.162329  |  +0.229944  |  -0.273585  |  +0.298764  |  -0.298764  |  +0.273585  |  -0.229944  |  +0.162329  |  -0.088777
6.500  |  +0.067214  |  -0.122901  |  +0.174093  |  -0.207134  |  +0.226197  |  -0.226197  |  +0.207134  |  -0.174093  |  +0.122901  |  -0.067214
6.525  |  +0.042371  |  -0.077475  |  +0.109746  |  -0.130575  |  +0.142592  |  -0.142592  |  +0.130575  |  -0.109746  |  +0.077475  |  -0.042371
6.550  |  +0.015460  |  -0.028269  |  +0.040044  |  -0.047644  |  +0.052029  |  -0.052029  |  +0.047644  |  -0.040044  |  +0.028269  |  -0.015460
6.575  |  -0.012205  |  +0.022317  |  -0.031612  |  +0.037612  |  -0.041074  |  +0.041074  |  -0.037612  |  +0.031612  |  -0.022317  |  +0.012205
6.600  |  -0.039274  |  +0.071814  |  -0.101726  |  +0.121033  |  -0.132172  |  +0.132172  |  -0.121033  |  +0.101726  |  -0.071814  |  +0.039274
6.625  |  -0.064427  |  +0.117806  |  -0.166875  |  +0.198547  |  -0.216820  |  +0.216820  |  -0.198547  |  +0.166875  |  -0.117806  |  +0.064427
6.650  |  -0.086436  |  +0.158049  |  -0.223881  |  +0.266372  |  -0.290887  |  +0.290887  |  -0.266372  |  +0.223881  |  -0.158049  |  +0.086436
6.675  |  -0.104227  |  +0.190580  |  -0.269962  |  +0.321199  |  -0.350760  |  +0.350760  |  -0.321199  |  +0.269962  |  -0.190580  |  +0.104227
6.700  |  -0.116932  |  +0.213811  |  -0.302869  |  +0.360351  |  -0.393515  |  +0.393515  |  -0.360351  |  +0.302869  |  -0.213811  |  +0.116932
6.725  |  -0.123930  |  +0.226608  |  -0.320995  |  +0.381918  |  -0.417067  |  +0.417067  |  -0.381918  |  +0.320995  |  -0.226608  |  +0.123930
6.750  |  -0.124881  |  +0.228346  |  -0.323458  |  +0.384848  |  -0.420267  |  +0.420267  |  -0.384848  |  +0.323458  |  -0.228346  |  +0.124881
6.775  |  -0.119737  |  +0.218941  |  -0.310136  |  +0.368997  |  -0.402957  |  +0.402957  |  -0.368997  |  +0.310136  |  -0.218941  |  +0.119737
6.800  |  -0.108751  |  +0.198852  |  -0.281679  |  +0.335140  |  -0.365984  |  +0.365984  |  -0.335140  |  +0.281679  |  -0.198852  |  +0.108751
6.825  |  -0.092457  |  +0.169059  |  -0.239477  |  +0.284928  |  -0.311151  |  +0.311151  |  -0.284928  |  +0.239477  |  -0.169059  |  +0.092457
6.850  |  -0.071652  |  +0.131016  |  -0.185588  |  +0.220811  |  -0.241133  |  +0.241133  |  -0.220811  |  +0.185588  |  -0.131016  |  +0.071652
6.875  |  -0.047350  |  +0.086580  |  -0.122643  |  +0.145920  |  -0.159349  |  +0.159349  |  -0.145920  |  +0.122643  |  -0.086580  |  +0.047350
6.900  |  -0.020737  |  +0.037919  |  -0.053713  |  +0.063907  |  -0.069788  |  +0.069788  |  -0.063907  |  +0.053713  |  -0.037919  |  +0.020737
6.925  |  +0.006887  |  -0.012593  |  +0.017839  |  -0.021224  |  +0.023178  |  -0.023178  |  +0.021224  |  -0.017839  |  +0.012593  |  -0.006887
6.950  |  +0.034176  |  -0.062491  |  +0.088520  |  -0.105320  |  +0.115013  |  -0.115013  |  +0.105320  |  -0.088520  |  +0.062491  |  -0.034176
6.975  |  +0.059796  |  -0.109338  |  +0.154881  |  -0.184276  |  +0.201235  |  -0.201235  |  +0.184276  |  -0.154881  |  +0.109338  |  -0.059796
7.000  |  +0.082499  |  -0.150851  |  +0.213684  |  -0.254240  |  +0.277638  |  -0.277638  |  +0.254240  |  -0.213684  |  +0.150851  |  -0.082499
7.025  |  +0.101176  |  -0.185001  |  +0.262059  |  -0.311796  |  +0.340492  |  -0.340492  |  +0.311796  |  -0.262059  |  +0.185001  |  -0.101176
7.050  |  +0.114915  |  -0.210124  |  +0.297646  |  -0.354137  |  +0.386730  |  -0.386730  |  +0.354137  |  -0.297646  |  +0.210124  |  -0.114915
7.075  |  +0.123047  |  -0.224993  |  +0.318708  |  -0.379197  |  +0.414095  |  -0.414095  |  +0.379197  |  -0.318708  |  +0.224993  |  -0.123047
7.100  |  +0.125174  |  -0.228882  |  +0.324218  |  -0.385752  |  +0.421254  |  -0.421254  |  +0.385752  |  -0.324218  |  +0.228882  |  -0.125174
7.125  |  +0.121193  |  -0.221602  |  +0.313905  |  -0.373482  |  +0.407855  |  -0.407855  |  +0.373482  |  -0.313905  |  +0.221602  |  -0.121193
7.150  |  +0.111297  |  -0.203508  |  +0.288274  |  -0.342987  |  +0.374553  |  -0.374553  |  +0.342987  |  -0.288274  |  +0.203508  |  -0.111297
7.175  |  +0.095970  |  -0.175483  |  +0.248576  |  -0.295754  |  +0.322973  |  -0.322973  |  +0.295754  |  -0.248576  |  +0.175483  |  -0.095970
7.200  |  +0.075960  |  -0.138894  |  +0.196747  |  -0.234088  |  +0.255632  |  -0.255632  |  +0.234088  |  -0.196747  |  +0.138894  |  -0.075960
7.225  |  +0.052243  |  -0.095528  |  +0.135317  |  -0.160999  |  +0.175817  |  -0.175817  |  +0.160999  |  -0.135317  |  +0.095528  |  -0.052243
7.250  |  +0.025977  |  -0.047499  |  +0.067284  |  -0.080054  |  +0.087421  |  -0.087421  |  +0.080054  |  -0.067284  |  +0.047499  |  -0.025977
7.275  |  -0.001557  |  +0.002847  |  -0.004033  |  +0.004798  |  -0.005240  |  +0.005240  |  -0.004798  |  +0.004033  |  -0.002847  |  +0.001557
7.300  |  -0.029015  |  +0.053054  |  -0.075153  |  +0.089416  |  -0.097646  |  +0.097646  |  -0.089416  |  +0.075153  |  -0.053054  |  +0.029015
7.325  |  -0.055057  |  +0.100673  |  -0.142605  |  +0.169671  |  -0.185286  |  +0.185286  |  -0.169671  |  +0.142605  |  -0.100673  |  +0.055057
7.350  |  -0.078412  |  +0.143378  |  -0.203099  |  +0.241646  |  -0.263885  |  +0.263885  |  -0.241646  |  +0.203099  |  -0.143378  |  +0.078412
7.375  |  -0.097941  |  +0.179087  |  -0.253681  |  +0.301828  |  -0.329606  |  +0.329606  |  -0.301828  |  +0.253681  |  -0.179087  |  +0.097941
7.400  |  -0.112691  |  +0.206056  |  -0.291884  |  +0.347282  |  -0.379243  |  +0.379243  |  -0.347282  |  +0.291884  |  -0.206056  |  +0.112691
7.425  |  -0.121941  |  +0.222970  |  -0.315843  |  +0.375788  |  -0.410373  |  +0.410373  |  -0.375788  |  +0.315843  |  -0.222970  |  +0.121941
7.450  |  -0.125240  |  +0.229003  |  -0.324389  |  +0.385956  |  -0.421477  |  +0.421477  |  -0.385956  |  +0.324389  |  -0.229003  |  +0.125240
7.475  |  -0.122428  |  +0.223861  |  -0.317105  |  +0.377290  |  -0.412013  |  +0.412013  |  -0.377290  |  +0.317105  |  -0.223861  |  +0.122428
7.500  |  -0.113641  |  +0.207795  |  -0.294347  |  +0.350212  |  -0.382443  |  +0.382443  |  -0.350212  |  +0.294347  |  -0.207795  |  +0.113641
7.525  |  -0.099309  |  +0.181588  |  -0.257224  |  +0.306044  |  -0.334210  |  +0.334210  |  -0.306044  |  +0.257224  |  -0.181588  |  +0.099309
7.550  |  -0.080131  |  +0.146520  |  -0.207549  |  +0.246941  |  -0.269667  |  +0.269667  |  -0.246941  |  +0.207549  |  -0.146520  |  +0.080131
7.575  |  -0.057042  |  +0.104302  |  -0.147746  |  +0.175787  |  -0.191966  |  +0.191966  |  -0.175787  |  +0.147746  |  -0.104302  |  +0.057042
7.600  |  -0.031169  |  +0.056994  |  -0.080733  |  +0.096056  |  -0.104896  |  +0.104896  |  -0.096056  |  +0.080733  |  -0.056994  |  +0.031169
7.625  |  -0.003776  |  +0.006904  |  -0.009780  |  +0.011636  |  -0.012707  |  +0.012707  |  -0.011636  |  +0.009780  |  -0.006904  |  +0.003776
7.650  |  +0.023802  |  -0.043522  |  +0.061650  |  -0.073351  |  +0.080101  |  -0.080101  |  +0.073351  |  -0.061650  |  +0.043522  |  -0.023802
7.675  |  +0.050218  |  -0.091824  |  +0.130072  |  -0.154758  |  +0.169001  |  -0.169001  |  +0.154758  |  -0.130072  |  +0.091824  |  -0.050218
7.700  |  +0.074184  |  -0.135646  |  +0.192146  |  -0.228614  |  +0.249654  |  -0.249654  |  +0.228614  |  -0.192146  |  +0.135646  |  -0.074184
7.725  |  +0.094529  |  -0.172848  |  +0.244843  |  -0.291313  |  +0.318123  |  -0.318123  |  +0.291313  |  -0.244843  |  +0.172848  |  -0.094529
7.750  |  +0.110262  |  -0.201615  |  +0.285593  |  -0.339796  |  +0.371069  |  -0.371069  |  +0.339796  |  -0.285593  |  +0.201615  |  -0.110262
7.775  |  +0.120614  |  -0.220543  |  +0.312405  |  -0.371698  |  +0.405906  |  -0.405906  |  +0.371698  |  -0.312405  |  +0.220543  |  -0.120614
7.800  |  +0.125080  |  -0.228709  |  +0.323973  |  -0.385461  |  +0.420936  |  -0.420936  |  +0.385461  |  -0.323973  |  +0.228709  |  -0.125080
7.825  |  +0.123442  |  -0.225714  |  +0.319731  |  -0.380413  |  +0.415424  |  -0.415424  |  +0.380413  |  -0.319731  |  +0.225714  |  -0.123442
7.850  |  +0.115780  |  -0.211705  |  +0.299886  |  -0.356802  |  +0.389639  |  -0.389639  |  +0.356802  |  -0.299886  |  +0.211705  |  -0.115780
7.875  |  +0.102468  |  -0.187364  |  +0.265406  |  -0.315779  |  +0.344840  |  -0.344840  |  +0.315779  |  -0.265406  |  +0.187364  |  -0.102468
7.900  |  +0.084156  |  -0.153880  |  +0.217975  |  -0.259346  |  +0.283214  |  -0.283214  |  +0.259346  |  -0.217975  |  +0.153880  |  -0.084156
7.925  |  +0.061737  |  -0.112887  |  +0.159907  |  -0.190257  |  +0.207767  |  -0.207767  |  +0.190257  |  -0.159907  |  +0.112887  |  -0.061737
7.950  |  +0.036305  |  -0.066385  |  +0.094036  |  -0.111883  |  +0.122180  |  -0.122180  |  +0.111883  |  -0.094036  |  +0.066385  |  -0.036305
7.975  |  +0.009102  |  -0.016643  |  +0.023576  |  -0.028050  |  +0.030632  |  -0.030632  |  +0.028050  |  -0.023576  |  +0.016643  |  -0.009102
8.000  |  -0.018545  |  +0.033910  |  -0.048035  |  +0.057152  |  -0.062412  |  +0.062412  |  -0.057152  |  +0.048035  |  -0.033910  |  +0.018545
8.025  |  -0.045288  |  +0.082809  |  -0.117302  |  +0.139565  |  -0.152409  |  +0.152409  |  -0.139565  |  +0.117302  |  -0.082809  |  +0.045288
8.050  |  -0.069820  |  +0.127667  |  -0.180844  |  +0.215167  |  -0.234970  |  +0.234970  |  -0.215167  |  +0.180844  |  -0.127667  |  +0.069820
8.075  |  -0.090946  |  +0.166295  |  -0.235562  |  +0.280269  |  -0.306063  |  +0.306063  |  -0.280269  |  +0.235562  |  -0.166295  |  +0.090946
8.100  |  -0.107633  |  +0.196808  |  -0.278784  |  +0.331695  |  -0.362222  |  +0.362222  |  -0.331695  |  +0.278784  |  -0.196808  |  +0.107633
8.125  |  -0.119068  |  +0.217717  |  -0.308401  |  +0.366934  |  -0.400703  |  +0.400703  |  -0.366934  |  +0.308401  |  -0.217717  |  +0.119068
8.150  |  -0.124692  |  +0.228001  |  -0.322969  |  +0.384266  |  -0.419631  |  +0.419631  |  -0.384266  |  +0.322969  |  -0.228001  |  +0.124692
8.175  |  -0.124231  |  +0.227158  |  -0.321776  |  +0.382847  |  -0.418081  |  +0.418081  |  -0.382847  |  +0.321776  |  -0.227158  |  +0.124231
8.200  |  -0.117708  |  +0.215231  |  -0.304880  |  +0.362745  |  -0.396129  |  +0.396129  |  -0.362745  |  +0.304880  |  -0.215231  |  +0.117708
8.225  |  -0.105441  |  +0.192801  |  -0.273107  |  +0.324941  |  -0.354846  |  +0.354846  |  -0.324941  |  +0.273107  |  -0.192801  |  +0.105441
8.250  |  -0.088029  |  +0.160961  |  -0.228006  |  +0.271280  |  -0.296247  |  +0.296247  |  -0.271280  |  +0.228006  |  -0.160961  |  +0.088029
8.275  |  -0.066320  |  +0.121267  |  -0.171779  |  +0.204381  |  -0.223191  |  +0.223191  |  -0.204381  |  +0.171779  |  -0.121267  |  +0.066320
8.300  |  -0.041376  |  +0.075656  |  -0.107168  |  +0.127508  |  -0.139243  |  +0.139243  |  -0.127508  |  +0.107168  |  -0.075656  |  +0.041376
8.325  |  -0.014412  |  +0.026352  |  -0.037328  |  +0.044413  |  -0.048500  |  +0.048500  |  -0.044413  |  +0.037328  |  -0.026352  |  +0.014412
8.350  |  +0.013255  |  -0.024238  |  +0.034333  |  -0.040849  |  +0.044609  |  -0.044609  |  +0.040849  |  -0.034333  |  +0.024238  |  -0.013255
8.375  |  +0.040276  |  -0.073644  |  +0.104319  |  -0.124118  |  +0.135541  |  -0.135541  |  +0.124118  |  -0.104319  |  +0.073644  |  -0.040276
8.400  |  +0.065330  |  -0.119458  |  +0.169215  |  -0.201331  |  +0.219860  |  -0.219860  |  +0.201331  |  -0.169215  |  +0.119458  |  -0.065330
8.425  |  +0.087197  |  -0.159441  |  +0.225853  |  -0.268718  |  +0.293449  |  -0.293449  |  +0.268718  |  -0.225853  |  +0.159441  |  -0.087197
8.450  |  +0.104809  |  -0.191644  |  +0.271469  |  -0.322992  |  +0.352718  |  -0.352718  |  +0.322992  |  -0.271469  |  +0.191644  |  -0.104809
8.475  |  +0.117306  |  -0.214495  |  +0.303838  |  -0.361504  |  +0.394774  |  -0.394774  |  +0.361504  |  -0.303838  |  +0.214495  |  -0.117306
8.500  |  +0.124078  |  -0.226879  |  +0.321379  |  -0.382375  |  +0.417566  |  -0.417566  |  +0.382375  |  -0.321379  |  +0.226879  |  -0.124078
8.525  |  +0.124796  |  -0.228191  |  +0.323238  |  -0.384586  |  +0.419981  |  -0.419981  |  +0.384586  |  -0.323238  |  +0.228191  |  -0.124796
8.550  |  +0.119423  |  -0.218367  |  +0.309323  |  -0.368030  |  +0.401901  |  -0.401901  |  +0.368030  |  -0.309323  |  +0.218367  |  -0.119423
8.575  |  +0.108223  |  -0.197887  |  +0.280313  |  -0.333514  |  +0.364208  |  -0.364208  |  +0.333514  |  -0.280313  |  +0.197887  |  -0.108223
8.600  |  +0.091742  |  -0.167751  |  +0.237623  |  -0.282723  |  +0.308742  |  -0.308742  |  +0.282723  |  -0.237623  |  +0.167751  |  -0.091742
8.625  |  +0.070783  |  -0.129428  |  +0.183338  |  -0.218135  |  +0.238210  |  -0.238210  |  +0.218135  |  -0.183338  |  +0.129428  |  -0.070783
8.650  |  +0.046371  |  -0.084789  |  +0.120106  |  -0.142902  |  +0.156053  |  -0.156053  |  +0.142902  |  -0.120106  |  +0.084789  |  -0.046371
8.675  |  +0.019695  |  -0.036013  |  +0.051013  |  -0.060695  |  +0.066281  |  -0.066281  |  +0.060695  |  -0.051013  |  +0.036013  |  -0.019695
8.700  |  -0.007941  |  +0.014521  |  -0.020569  |  +0.024473  |  -0.026725  |  +0.026725  |  -0.024473  |  +0.020569  |  -0.014521  |  +0.007941
8.725  |  -0.035190  |  +0.064346  |  -0.091148  |  +0.108447  |  -0.118428  |  +0.118428  |  -0.108447  |  +0.091148  |  -0.064346  |  +0.035190
8.750  |  -0.060722  |  +0.111031  |  -0.157278  |  +0.187129  |  -0.204351  |  +0.204351  |  -0.187129  |  +0.157278  |  -0.111031  |  +0.060722
8.775  |  -0.083291  |  +0.152298  |  -0.215734  |  +0.256679  |  -0.280302  |  +0.280302  |  -0.256679  |  +0.215734  |  -0.152298  |  +0.083291
8.800  |  -0.101795  |  +0.186133  |  -0.263662  |  +0.313703  |  -0.342574  |  +0.342574  |  -0.313703  |  +0.263662  |  -0.186133  |  +0.101795
8.825  |  -0.115331  |  +0.210884  |  -0.298723  |  +0.355419  |  -0.388129  |  +0.388129  |  -0.355419  |  +0.298723  |  -0.210884  |  +0.115331
8.850  |  -0.123240  |  +0.225345  |  -0.319207  |  +0.379790  |  -0.414744  |  +0.414744  |  -0.379790  |  +0.319207  |  -0.225345  |  +0.123240
8.875  |  -0.125134  |  +0.228809  |  -0.324114  |  +0.385628  |  -0.421119  |  +0.421119  |  -0.385628  |  +0.324114  |  -0.228809  |  +0.125134
8.900  |  -0.120922  |  +0.221107  |  -0.313204  |  +0.372648  |  -0.406944  |  +0.406944  |  -0.372648  |  +0.313204  |  -0.221107  |  +0.120922
8.925  |  -0.110809  |  +0.202615  |  -0.287010  |  +0.341482  |  -0.372910  |  +0.372910  |  -0.341482  |  +0.287010  |  -0.202615  |  +0.110809
8.950  |  -0.095288  |  +0.174236  |  -0.246810  |  +0.293653  |  -0.320678  |  +0.320678  |  -0.293653  |  +0.246810  |  -0.174236  |  +0.095288
8.975  |  -0.075118  |  +0.137354  |  -0.194566  |  +0.231493  |  -0.252798  |  +0.252798  |  -0.231493  |  +0.194566  |  -0.137354  |  +0.075118
9.000  |  -0.051282  |  +0.093769  |  -0.132827  |  +0.158036  |  -0.172581  |  +0.172581  |  -0.158036  |  +0.132827  |  -0.093769  |  +0.051282
9.025  |  -0.024943  |  +0.045609  |  -0.064606  |  +0.076868  |  -0.083942  |  +0.083942  |  -0.076868  |  +0.064606  |  -0.045609  |  +0.024943
9.050  |  +0.002613  |  -0.004778  |  +0.006768  |  -0.008052  |  +0.008793  |  -0.008793  |  +0.008052  |  -0.006768  |  +0.004778  |  -0.002613
9.075  |  +0.030041  |  -0.054931  |  +0.077811  |  -0.092579  |  +0.101099  |  -0.101099  |  +0.092579  |  -0.077811  |  +0.054931  |  -0.030041
9.100  |  +0.056004  |  -0.102403  |  +0.145057  |  -0.172588  |  +0.188472  |  -0.188472  |  +0.172588  |  -0.145057  |  +0.102403  |  -0.056004
9.125  |  +0.079233  |  -0.144879  |  +0.205224  |  -0.244175  |  +0.266647  |  -0.266647  |  +0.244175  |  -0.205224  |  +0.144879  |  -0.079233
9.150  |  +0.098596  |  -0.180284  |  +0.255377  |  -0.303846  |  +0.331809  |  -0.331809  |  +0.303846  |  -0.255377  |  +0.180284  |  -0.098596
9.175  |  +0.113148  |  -0.206892  |  +0.293067  |  -0.348689  |  +0.380780  |  -0.380780  |  +0.348689  |  -0.293067  |  +0.206892  |  -0.113148
9.200  |  +0.122177  |  -0.223403  |  +0.316456  |  -0.376517  |  +0.411169  |  -0.411169  |  +0.376517  |  -0.316456  |  +0.223403  |  -0.122177
9.225  |  +0.125245  |  -0.229012  |  +0.324402  |  -0.385971  |  +0.421493  |  -0.421493  |  +0.385971  |  -0.324402  |  +0.229012  |  -0.125245
9.250  |  +0.122201  |  -0.223446  |  +0.316517  |  -0.376590  |  +0.411249  |  -0.411249  |  +0.376590  |  -0.316517  |  +0.223446  |  -0.122201
9.275  |  +0.113194  |  -0.206976  |  +0.293187  |  -0.348831  |  +0.380935  |  -0.380935  |  +0.348831  |  -0.293187  |  +0.206976  |  -0.113194
9.300  |  +0.098662  |  -0.180405  |  +0.255549  |  -0.304050  |  +0.332032  |  -0.332032  |  +0.304050  |  -0.255549  |  +0.180405  |  -0.098662
9.325  |  +0.079316  |  -0.145031  |  +0.205440  |  -0.244431  |  +0.266927  |  -0.266927  |  +0.244431  |  -0.205440  |  +0.145031  |  -0.079316
9.350  |  +0.056100  |  -0.102579  |  +0.145306  |  -0.172884  |  +0.188795  |  -0.188795  |  +0.172884  |  -0.145306  |  +0.102579  |  -0.056100
9.375  |  +0.030146  |  -0.055122  |  +0.078081  |  -0.092900  |  +0.101450  |  -0.101450  |  +0.092900  |  -0.078081  |  +0.055122  |  -0.030146
9.400  |  +0.002720  |  -0.004974  |  +0.007046  |  -0.008383  |  +0.009155  |  -0.009155  |  +0.008383  |  -0.007046  |  +0.004974  |  -0.002720
9.425  |  -0.024838  |  +0.045416  |  -0.064333  |  +0.076543  |  -0.083587  |  +0.083587  |  -0.076543  |  +0.064333  |  -0.045416  |  +0.024838
9.450  |  -0.051184  |  +0.093590  |  -0.132573  |  +0.157734  |  -0.172251  |  +0.172251  |  -0.157734  |  +0.132573  |  -0.093590  |  +0.051184
9.475  |  -0.075032  |  +0.137197  |  -0.194343  |  +0.231228  |  -0.252508  |  +0.252508  |  -0.231228  |  +0.194343  |  -0.137197  |  +0.075032
9.500  |  -0.095219  |  +0.174108  |  -0.246629  |  +0.293437  |  -0.320443  |  +0.320443  |  -0.293437  |  +0.246629  |  -0.174108  |  +0.095219
9.525  |  -0.110759  |  +0.202524  |  -0.286880  |  +0.341328  |  -0.372741  |  +0.372741  |  -0.341328  |  +0.286880  |  -0.202524  |  +0.110759
9.550  |  -0.120894  |  +0.221056  |  -0.313131  |  +0.372561  |  -0.406849  |  +0.406849  |  -0.372561  |  +0.313131  |  -0.221056  |  +0.120894
9.575  |  -0.125129  |  +0.228801  |  -0.324102  |  +0.385614  |  -0.421103  |  +0.421103  |  -0.385614  |  +0.324102  |  -0.228801  |  +0.125129
9.600  |  -0.123259  |  +0.225380  |  -0.319257  |  +0.379849  |  -0.414808  |  +0.414808  |  -0.379849  |  +0.319257  |  -0.225380  |  +0.123259
9.625  |  -0.115373  |  +0.210961  |  -0.298832  |  +0.355548  |  -0.388270  |  +0.388270  |  -0.355548  |  +0.298832  |  -0.210961  |  +0.115373
9.650  |  -0.101857  |  +0.186247  |  -0.263824  |  +0.313896  |  -0.342785  |  +0.342785  |  -0.313896  |  +0.263824  |  -0.186247  |  +0.101857
9.675  |  -0.083371  |  +0.152445  |  -0.215942  |  +0.256926  |  -0.280572  |  +0.280572  |  -0.256926  |  +0.215942  |  -0.152445  |  +0.083371
9.700  |  -0.060816  |  +0.111203  |  -0.157522  |  +0.187419  |  -0.204667  |  +0.204667  |  -0.187419  |  +0.157522  |  -0.111203  |  +0.060816
9.725  |  -0.035294  |  +0.064535  |  -0.091415  |  +0.108765  |  -0.118775  |  +0.118775  |  -0.108765  |  +0.091415  |  -0.064535  |  +0.035294
9.750  |  -0.008049  |  +0.014717  |  -0.020847  |  +0.024804  |  -0.027086  |  +0.027086  |  -0.024804  |  +0.020847  |  -0.014717  |  +0.008049
9.775  |  +0.019589  |  -0.035819  |  +0.050738  |  -0.060368  |  +0.065924  |  -0.065924  |  +0.060368  |  -0.050738  |  +0.035819  |  -0.019589
9.800  |  +0.046271  |  -0.084607  |  +0.119848  |  -0.142594  |  +0.155717  |  -0.155717  |  +0.142594  |  -0.119848  |  +0.084607  |  -0.046271
9.825  |  +0.070695  |  -0.129266  |  +0.183108  |  -0.217861  |  +0.237911  |  -0.237911  |  +0.217861  |  -0.183108  |  +0.129266  |  -0.070695
9.850  |  +0.091668  |  -0.167617  |  +0.237434  |  -0.282497  |  +0.308496  |  -0.308496  |  +0.282497  |  -0.237434  |  +0.167617  |  -0.091668
9.875  |  +0.108169  |  -0.197788  |  +0.280172  |  -0.333347  |  +0.364026  |  -0.364026  |  +0.333347  |  -0.280172  |  +0.197788  |  -0.108169
9.900  |  +0.119391  |  -0.218308  |  +0.309239  |  -0.367930  |  +0.401791  |  -0.401791  |  +0.367930  |  -0.309239  |  +0.218308  |  -0.119391
9.925  |  +0.124787  |  -0.228174  |  +0.323214  |  -0.384558  |  +0.419950  |  -0.419950  |  +0.384558  |  -0.323214  |  +0.228174  |  -0.124787
9.950  |  +0.124093  |  -0.226905  |  +0.321417  |  -0.382420  |  +0.417615  |  -0.417615  |  +0.382420  |  -0.321417  |  +0.226905  |  -0.124093
9.975  |  +0.117343  |  -0.214564  |  +0.303935  |  -0.361620  |  +0.394901  |  -0.394901  |  +0.361620  |  -0.303935  |  +0.214564  |  -0.117343
10.000  |  +0.104868  |  -0.191752  |  +0.271621  |  -0.323173  |  +0.352916  |  -0.352916  |  +0.323173  |  -0.271621  |  +0.191752  |  -0.104868