Tempo  |    x1(t)    |    x2(t)    |    x3(t)    |    x4(t)    |    x5(t)    |    x6(t)    |    x7(t)    |    x8(t)    |    x9(t)    |    x10(t)  
0.000  |  +1.000000  |  +10.000000  |  -4.000000  |  +3.000000  |  -2.000000  |  +1.000000  |  +10.000000  |  -4.000000  |  +3.000000  |  -2.000000
0.025  |  +1.052859  |  +9.858294  |  -3.871428  |  +2.924722  |  -1.950766  |  +1.033590  |  +9.855169  |  -3.867072  |  +2.925960  |  -1.955487
0.050  |  +1.208266  |  +9.438916  |  -3.491576  |  +2.703027  |  -1.804743  |  +1.132453  |  +9.426420  |  -3.474367  |  +2.707838  |  -1.824025
0.075  |  +1.456871  |  +8.758840  |  -2.877763  |  +2.347127  |  -1.566899  |  +1.290967  |  +8.730740  |  -2.839854  |  +2.357426  |  -1.611736
0.100  |  +1.783593  |  +7.845518  |  -2.057975  |  +1.876719  |  -1.245301  |  +1.500066  |  +7.795632  |  -1.992577  |  +1.893726  |  -1.328486
0.125  |  +2.168361  |  +6.735669  |  -1.069582  |  +1.318037  |  -0.850794  |  +1.747689  |  +6.657946  |  -0.971351  |  +1.342005  |  -0.987387
0.150  |  +2.587086  |  +5.473664  |  +0.042365  |  +0.702577  |  -0.396583  |  +2.019375  |  +5.362310  |  +0.176985  |  +0.732532  |  -0.604142
0.175  |  +3.012849  |  +4.109569  |  +1.227198  |  +0.065569  |  +0.102284  |  +2.298973  |  +3.959233  |  +1.399680  |  +0.099068  |  -0.196257
0.200  |  +3.417218  |  +2.696948  |  +2.430943  |  -0.555741  |  +0.629492  |  +2.569452  |  +2.502969  |  +2.640440  |  -0.522826  |  +0.217833
0.225  |  +3.771666  |  +1.290518  |  +3.598787  |  -1.123913  |  +1.168087  |  +2.813749  |  +1.049224  |  +3.841965  |  -1.097586  |  +0.619692
0.250  |  +4.048985  |  -0.056234  |  +4.677578  |  -1.603172  |  +1.701117  |  +3.015631  |  -0.347177  |  +4.948519  |  -1.591445  |  +0.991803
0.275  |  +4.224674  |  -1.293369  |  +5.618251  |  -1.961183  |  +2.212264  |  +3.160529  |  -1.634584  |  +5.908442  |  -1.974165  |  +1.318448
0.300  |  +4.278193  |  -2.376638  |  +6.378062  |  -2.170699  |  +2.686446  |  +3.236298  |  -2.766650  |  +6.676463  |  -2.220603  |  +1.586493
0.325  |  +4.194061  |  -3.269363  |  +6.922532  |  -2.210973  |  +3.110353  |  +3.233865  |  -3.704225  |  +7.215735  |  -2.312046  |  +1.786042
0.350  |  +3.962714  |  -3.943957  |  +7.227014  |  -2.068884  |  +3.472908  |  +3.147752  |  -4.416917  |  +7.499485  |  -2.237241  |  +1.910933
0.375  |  +3.581106  |  -4.383028  |  +7.277800  |  -1.739715  |  +3.765625  |  +2.976421  |  -4.884270  |  +7.512212  |  -1.993075  |  +1.959033
0.400  |  +3.053015  |  -4.580018  |  +7.072733  |  -1.227554  |  +3.982856  |  +2.722446  |  -5.096490  |  +7.250375  |  -1.584859  |  +1.932335
0.425  |  +2.389030  |  -4.539337  |  +6.621285  |  -0.545281  |  +4.121919  |  +2.392489  |  -5.054704  |  +6.722550  |  -1.026215  |  +1.836836
0.450  |  +1.606234  |  -4.276008  |  +5.944099  |  +0.285841  |  +4.183099  |  +1.997088  |  -4.770746  |  +5.949037  |  -0.338555  |  +1.682212
0.475  |  +0.727578  |  -3.814821  |  +5.072018  |  +1.236967  |  +4.169528  |  +1.550254  |  -4.266470  |  +4.960951  |  +0.449819  |  +1.481297
0.500  |  -0.219015  |  -3.189057  |  +4.044650  |  +2.272837  |  +4.086945  |  +1.068910  |  -3.572631  |  +3.798822  |  +1.304955  |  +1.249393
0.525  |  -1.201775  |  -2.438817  |  +2.908526  |  +3.353231  |  +3.943363  |  +0.572176  |  -2.727393  |  +2.510785  |  +2.188776  |  +1.003442
0.550  |  -2.186409  |  -1.609066  |  +1.714937  |  +4.434679  |  +3.748640  |  +0.080547  |  -1.774521  |  +1.150429  |  +3.060820  |  +0.761114
0.575  |  -3.137535  |  -0.747453  |  +0.517563  |  +5.472331  |  +3.513990  |  -0.385004  |  -0.761348  |  -0.225585  |  +3.880112  |  +0.539830
0.600  |  -4.020192  |  +0.097971  |  -0.630019  |  +6.421906  |  +3.251444  |  -0.803966  |  +0.263393  |  -1.560043  |  +4.607084  |  +0.355799
0.625  |  -4.801338  |  +0.881041  |  -1.676816  |  +7.241641  |  +2.973296  |  -1.157214  |  +1.251774  |  -2.797705  |  +5.205443  |  +0.223093
0.650  |  -5.451273  |  +1.559664  |  -2.576778  |  +7.894140  |  +2.691555  |  -1.427899  |  +2.158812  |  -3.887737  |  +5.643921  |  +0.152827
0.675  |  -5.944936  |  +2.097797  |  -3.290936  |  +8.348052  |  +2.417421  |  -1.602236  |  +2.944455  |  -4.785937  |  +5.897792  |  +0.152470
0.700  |  -6.262992  |  +2.467138  |  -3.789204  |  +8.579494  |  +2.160815  |  -1.670178  |  +3.575322  |  -5.456652  |  +5.950113  |  +0.225336
0.725  |  -6.392690  |  +2.648435  |  -4.051779  |  +8.573154  |  +1.929983  |  -1.625932  |  +4.026119  |  -5.874303  |  +5.792610  |  +0.370284
0.750  |  -6.328430  |  +2.632369  |  -4.070062  |  +8.323033  |  +1.731185  |  -1.468291  |  +4.280669  |  -6.024447  |  +5.426170  |  +0.581637
0.775  |  -6.072025  |  +2.419963  |  -3.847056  |  +7.832774  |  +1.568479  |  -1.200778  |  +4.332524  |  -5.904346  |  +4.860913  |  +0.849332
0.800  |  -5.632641  |  +2.022490  |  -3.397239  |  +7.115589  |  +1.443623  |  -0.831578  |  +4.185114  |  -5.522992  |  +4.115849  |  +1.159309
0.825  |  -5.026423  |  +1.460911  |  -2.745891  |  +6.193753  |  +1.356078  |  -0.373272  |  +3.851454  |  -4.900617  |  +3.218105  |  +1.494105
0.850  |  -4.275819  |  +0.764834  |  -1.927927  |  +5.097717  |  +1.303117  |  +0.157624  |  +3.353399  |  -4.067700  |  +2.201785  |  +1.833647
0.875  |  -3.408630  |  -0.028924  |  -0.986281  |  +3.864859  |  +1.280043  |  +0.741294  |  +2.720514  |  -3.063515  |  +1.106499  |  +2.156196
0.900  |  -2.456842  |  -0.878126  |  +0.030091  |  +2.537936  |  +1.280485  |  +1.355403  |  +1.988583  |  -1.934301  |  -0.024372  |  +2.439406
0.925  |  -1.455272  |  -1.737166  |  +1.068484  |  +1.163305  |  +1.296769  |  +1.975994  |  +1.197856  |  -0.731129  |  -1.145601  |  +2.661449
0.950  |  -0.440109  |  -2.559283  |  +2.074908  |  -0.211015  |  +1.320348  |  +2.578460  |  +0.391088  |  +0.492433  |  -2.212123  |  +2.802151
0.975  |  +0.552604  |  -3.298836  |  +2.996609  |  -1.537341  |  +1.342260  |  +3.138551  |  -0.388509  |  +1.682745  |  -3.181061  |  +2.844078
1.000  |  +1.488460  |  -3.913537  |  +3.784549  |  -2.770316  |  +1.353597  |  +3.633376  |  -1.099339  |  +2.788500  |  -4.013653  |  +2.773536
1.025  |  +2.336101  |  -4.366531  |  +4.395719  |  -3.868781  |  +1.345963  |  +4.042341  |  -1.703393  |  +3.763011  |  -4.677004  |  +2.581416
1.050  |  +3.068478  |  -4.628238  |  +4.795184  |  -4.797461  |  +1.311904  |  +4.348011  |  -2.168050  |  +4.566255  |  -5.145577  |  +2.263850
1.075  |  +3.663916  |  -4.677850  |  +4.957765  |  -5.528393  |  +1.245282  |  +4.536824  |  -2.467624  |  +5.166597  |  -5.402353  |  +1.822642
1.100  |  +4.106922  |  -4.504436  |  +4.869276  |  -6.042023  |  +1.141577  |  +4.599662  |  -2.584575  |  +5.542122  |  -5.439603  |  +1.265446
1.125  |  +4.388714  |  -4.107580  |  +4.527265  |  -6.327928  |  +0.998121  |  +4.532217  |  -2.510336  |  +5.681496  |  -5.259242  |  +0.605670
1.150  |  +4.507450  |  -3.497537  |  +3.941213  |  -6.385147  |  +0.814221  |  +4.335171  |  -2.245734  |  +5.584338  |  -4.872740  |  -0.137874
1.175  |  +4.468135  |  -2.694891  |  +3.132191  |  -6.222083  |  +0.591205  |  +4.014157  |  -1.800962  |  +5.261087  |  -4.300593  |  -0.941598
1.200  |  +4.282229  |  -1.729724  |  +2.131982  |  -5.856004  |  +0.332359  |  +3.579520  |  -1.195119  |  +4.732364  |  -3.571383  |  -1.777987
1.225  |  +3.966969  |  -0.640343  |  +0.981705  |  -5.312161  |  +0.042775  |  +3.045870  |  -0.455349  |  +4.027871  |  -2.720458  |  -2.616663
1.250  |  +3.544441  |  +0.528386  |  -0.269988  |  -4.622560  |  -0.270877  |  +2.431467  |  +0.384401  |  +3.184880  |  -1.788309  |  -3.425603
1.275  |  +3.040438  |  +1.727022  |  -1.569080  |  -3.824448  |  -0.600662  |  +1.757454  |  +1.284925  |  +2.246381  |  -0.818698  |  -4.172463
1.300  |  +2.483178  |  +2.903751  |  -2.858599  |  -2.958590  |  -0.937738  |  +1.046963  |  +2.203552  |  +1.258980  |  +0.143361  |  -4.825962
1.325  |  +1.901918  |  +4.006726  |  -4.081186  |  -2.067399  |  -1.272756  |  +0.324159  |  +3.096090  |  +0.270651  |  +1.053687  |  -5.357242
1.350  |  +1.325551  |  +4.986415  |  -5.181693  |  -1.193021  |  -1.596280  |  -0.386770  |  +3.918836  |  -0.671559  |  +1.870973  |  -5.741173
1.375  |  +0.781240  |  +5.797866  |  -6.109690  |  -0.375454  |  -1.899202  |  -1.062607  |  +4.630570  |  -1.523764  |  +2.558699  |  -5.957510
1.400  |  +0.293149  |  +6.402778  |  -6.821779  |  +0.349217  |  -2.173141  |  -1.682052  |  +5.194428  |  -2.247303  |  +3.086831  |  -5.991883
1.425  |  -0.118653  |  +6.771284  |  -7.283599  |  +0.950385  |  -2.410799  |  -2.226579  |  +5.579579  |  -2.810536  |  +3.433208  |  -5.836540
1.450  |  -0.439089  |  +6.883366  |  -7.471433  |  +1.404218  |  -2.606261  |  -2.681168  |  +5.762625  |  -3.190302  |  +3.584573  |  -5.490835
1.475  |  -0.658706  |  +6.729826  |  -7.373349  |  +1.694635  |  -2.755231  |  -3.034880  |  +5.728664  |  -3.372954  |  +3.537183  |  -4.961415
1.500  |  -0.774034  |  +6.312783  |  -6.989817  |  +1.813912  |  -2.855185  |  -3.281246  |  +5.471968  |  -3.354944  |  +3.296979  |  -4.262100
1.525  |  -0.787643  |  +5.645662  |  -6.333771  |  +1.762898  |  -2.905440  |  -3.418467  |  +4.996254  |  -3.142909  |  +2.879297  |  -3.413467
1.550  |  -0.707904  |  +4.752667  |  -5.430117  |  +1.550835  |  -2.907136  |  -3.449403  |  +4.314520  |  -2.753282  |  +2.308139  |  -2.442132
1.575  |  -0.548467  |  +3.667779  |  -4.314708  |  +1.194787  |  -2.863141  |  -3.381365  |  +3.448474  |  -2.211427  |  +1.615035  |  -1.379774
1.600  |  -0.327471  |  +2.433306  |  -3.032821  |  +0.718713  |  -2.777870  |  -3.225713  |  +2.427579  |  -1.550348  |  +0.837540  |  -0.261932
1.625  |  -0.066545  |  +1.098055  |  -1.637222  |  +0.152227  |  -2.657039  |  -2.997280  |  +1.287749  |  -0.809043  |  +0.017446  |  +0.873366
1.650  |  +0.210371  |  -0.284790  |  -0.185880  |  -0.470897  |  -2.507370  |  -2.713659  |  +0.069774  |  -0.030564  |  -0.801218  |  +1.987106
1.675  |  +0.478317  |  -1.659993  |  +1.260541  |  -1.114406  |  -2.336251  |  -2.394361  |  -1.182474  |  +0.740104  |  -1.574303  |  +3.040827
1.700  |  +0.712657  |  -2.972681  |  +2.641327  |  -1.741347  |  -2.151381  |  -2.059915  |  -2.423944  |  +1.458263  |  -2.259672  |  +3.998162
1.725  |  +0.890408  |  -4.170757  |  +3.898353  |  -2.315873  |  -1.960408  |  -1.730919  |  -3.610362  |  +2.081700  |  -2.819255  |  +4.826292
1.750  |  +0.991496  |  -5.207181  |  +4.978619  |  -2.804990  |  -1.770584  |  -1.427106  |  -4.700125  |  +2.572768  |  -3.220924  |  +5.497264
1.775  |  +0.999868  |  -6.042033  |  +5.836558  |  -3.180154  |  -1.588453  |  -1.166454  |  -5.656066  |  +2.900249  |  -3.440106  |  +5.989104
1.800  |  +0.904414  |  -6.644258  |  +6.436013  |  -3.418654  |  -1.419585  |  -0.964381  |  -6.446999  |  +3.040903  |  -3.461050  |  +6.286689
1.825  |  +0.699651  |  -6.993009  |  +6.751808  |  -3.504720  |  -1.268371  |  -0.833073  |  -7.048983  |  +2.980647  |  -3.277692  |  +6.382326
1.850  |  +0.386130  |  -7.078536  |  +6.770821  |  -3.430295  |  -1.137883  |  -0.780946  |  -7.446245  |  +2.715284  |  -2.894071  |  +6.276027
1.875  |  -0.029449  |  -6.902582  |  +6.492539  |  -3.195441  |  -1.029817  |  -0.812293  |  -7.631731  |  +2.250772  |  -2.324280  |  +5.975454
1.900  |  -0.534428  |  -6.478249  |  +5.929042  |  -2.808370  |  -0.944506  |  -0.927117  |  -7.607250  |  +1.602996  |  -1.591945  |  +5.495541
1.925  |  -1.110677  |  -5.829373  |  +5.104447  |  -2.285079  |  -0.881004  |  -1.121156  |  -7.383228  |  +0.797074  |  -0.729248  |  +4.857820
1.950  |  -1.735358  |  -4.989400  |  +4.053809  |  -1.648632  |  -0.837252  |  -1.386098  |  -6.978064  |  -0.133792  |  +0.224448  |  +4.089454
1.975  |  -2.381930  |  -3.999847  |  +2.821557  |  -0.928098  |  -0.810283  |  -1.709981  |  -6.417141  |  -1.149841  |  +1.224328  |  +3.222057
2.000  |  -3.021353  |  -2.908387  |  +1.459512  |  -0.157212  |  -0.796491  |  -2.077750  |  -5.731537  |  -2.206612  |  +2.222129  |  +2.290311
2.025  |  -3.623437  |  -1.766677  |  +0.024595  |  +0.627185  |  -0.791920  |  -2.471958  |  -4.956486  |  -3.257024  |  +3.168317  |  +1.330476
2.050  |  -4.158265  |  -0.627999  |  -1.423687  |  +1.386852  |  -0.792568  |  -2.873556  |  -4.129683  |  -4.253596  |  +4.014354  |  +0.378838
2.075  |  -4.597639  |  +0.455163  |  -2.825854  |  +2.083929  |  -0.794692  |  -3.262772  |  -3.289497  |  -5.150699  |  +4.714943  |  -0.529831
2.100  |  -4.916463  |  +1.433497  |  -4.125046  |  +2.682701  |  -0.795092  |  -3.619999  |  -2.473187  |  -5.906724  |  +5.230149  |  -1.363729
2.125  |  -5.094018  |  +2.263100  |  -5.269492  |  +3.151268  |  -0.791352  |  -3.926688  |  -1.715195  |  -6.486084  |  +5.527303  |  -2.095340
2.150  |  -5.115048  |  +2.907448  |  -6.214739  |  +3.463044  |  -0.782037  |  -4.166187  |  -1.045607  |  -6.860932  |  +5.582596  |  -2.702545
2.175  |  -4.970620  |  +3.339032  |  -6.925534  |  +3.598021  |  -0.766826  |  -4.324485  |  -0.488842  |  -7.012531  |  +5.382288  |  -3.169487
2.200  |  -4.658704  |  +3.540582  |  -7.377293  |  +3.543728  |  -0.746574  |  -4.390857  |  -0.062631  |  -6.932202  |  +4.923483  |  -3.487144
2.225  |  -4.184447  |  +3.505808  |  -7.557079  |  +3.295854  |  -0.723296  |  -4.358342  |  +0.222663  |  -6.621808  |  +4.214419  |  -3.653591
2.250  |  -3.560132  |  +3.239645  |  -7.464055  |  +2.858502  |  -0.700076  |  -4.224073  |  +0.364363  |  -6.093742  |  +3.274267  |  -3.673941
2.275  |  -2.804804  |  +2.757982  |  -7.109396  |  +2.244062  |  -0.680907  |  -3.989414  |  +0.367416  |  -5.370428  |  +2.132436  |  -3.559970
2.300  |  -1.943585  |  +2.086881  |  -6.515656  |  +1.472704  |  -0.670462  |  -3.659928  |  +0.243960  |  -4.483351  |  +0.827427  |  -3.329433
2.325  |  -1.006714  |  +1.261335  |  -5.715641  |  +0.571533  |  -0.673810  |  -3.245146  |  +0.012546  |  -3.471658  |  -0.594735  |  -3.005124
2.350  |  -0.028331  |  +0.323612  |  -4.750816  |  -0.426582  |  -0.696096  |  -2.758185  |  -0.302949  |  -2.380394  |  -2.082408  |  -2.613706
2.375  |  +0.954927  |  -0.678733  |  -3.669349  |  -1.484423  |  -0.742194  |  -2.215202  |  -0.674660  |  -1.258461  |  -3.580498  |  -2.184366
2.400  |  +1.905456  |  -1.695093  |  -2.523860  |  -2.562044  |  -0.816361  |  -1.634728  |  -1.072258  |  -0.156380  |  -5.032798  |  -1.747378
2.425  |  +2.786286  |  -2.674182  |  -1.368989  |  -3.618498  |  -0.921893  |  -1.036899  |  -1.464584  |  +0.876023  |  -6.384372  |  -1.332605
2.450  |  +3.562673  |  -3.566444  |  -0.258895  |  -4.613615  |  -1.060831  |  -0.442633  |  -1.821316  |  +1.791923  |  -7.583913  |  -0.968040
2.475  |  +4.203610  |  -4.326380  |  +0.755207  |  -5.509732  |  -1.233703  |  +0.127222  |  -2.114582  |  +2.549658  |  -8.585934  |  -0.678441
2.500  |  +4.683197  |  -4.914692  |  +1.627351  |  -6.273308  |  -1.439340  |  +0.652737  |  -2.320446  |  +3.114671  |  -9.352721  |  -0.484116
2.525  |  +4.981798  |  -5.300147  |  +2.318868  |  -6.876347  |  -1.674770  |  +1.115689  |  -2.420190  |  +3.461134  |  -9.855945  |  -0.399924
2.550  |  +5.086939  |  -5.461065  |  +2.800084  |  -7.297564  |  -1.935198  |  +1.500281  |  -2.401335  |  +3.573163  |  -10.077869  |  -0.434537
2.575  |  +4.993902  |  -5.386377  |  +3.051596  |  -7.523249  |  -2.214082  |  +1.793742  |  -2.258344  |  +3.445594  |  -10.012090  |  -0.589993
2.600  |  +4.705984  |  -5.076188  |  +3.065065  |  -7.547784  |  -2.503299  |  +1.986801  |  -1.992982  |  +3.084255  |  -9.663785  |  -0.861557
2.625  |  +4.234420  |  -4.541834  |  +2.843494  |  -7.373794  |  -2.793406  |  +2.073999  |  -1.614300  |  +2.505736  |  -9.049453  |  -1.237909
2.650  |  +3.597949  |  -3.805413  |  +2.400989  |  -7.011935  |  -3.073972  |  +2.053844  |  -1.138262  |  +1.736668  |  -8.196162  |  -1.701645
2.675  |  +2.822059  |  -2.898825  |  +1.762006  |  -6.480316  |  -3.333990  |  +1.928795  |  -0.587015  |  +0.812521  |  -7.140326  |  -2.230058
2.700  |  +1.937938  |  -1.862355  |  +0.960123  |  -5.803604  |  -3.562327  |  +1.705084  |  +0.012156  |  -0.223988  |  -5.926086  |  -2.796185
2.725  |  +0.981168  |  -0.742864  |  +0.036413  |  -5.011834  |  -3.748218  |  +1.392383  |  +0.628138  |  -1.324849  |  -4.603353  |  -3.370054
2.750  |  -0.009777  |  +0.408331  |  -0.962530  |  -4.138999  |  -3.881757  |  +1.003336  |  +1.227508  |  -2.438944  |  -3.225603  |  -3.920081
2.775  |  -0.995154  |  +1.537786  |  -1.986804  |  -3.221478  |  -3.954385  |  +0.552977  |  +1.776181  |  -3.514394  |  -1.847528  |  -4.414558
2.800  |  -1.935646  |  +2.592371  |  -2.985548  |  -2.296376  |  -3.959335  |  +0.058068  |  +2.241119  |  -4.500940  |  -0.522647  |  -4.823159
2.825  |  -2.794030  |  +3.521715  |  -3.909320  |  -1.399853  |  -3.892017  |  -0.463625  |  +2.592004  |  -5.352263  |  +0.699022  |  -5.118391
2.850  |  -3.536771  |  +4.280523  |  -4.712400  |  -0.565525  |  -3.750335  |  -0.994069  |  +2.802812  |  -6.028124  |  +1.773110  |  -5.276937
2.875  |  -4.135440  |  +4.830691  |  -5.354904  |  +0.176997  |  -3.534892  |  -1.515699  |  +2.853197  |  -6.496232  |  +2.662786  |  -5.280813
2.900  |  -4.567928  |  +5.143094  |  -5.804614  |  +0.803358  |  -3.249104  |  -2.012098  |  +2.729633  |  -6.733747  |  +3.340294  |  -5.118300
2.925  |  -4.819375  |  +5.198985  |  -6.038441  |  +1.295448  |  -2.899181  |  -2.468616  |  +2.426234  |  -6.728357  |  +3.788062  |  -4.784598
2.950  |  -4.882782  |  +4.990924  |  -6.043467  |  +1.642078  |  -2.493999  |  -2.872885  |  +1.945246  |  -6.478871  |  +3.999351  |  -4.282174
2.975  |  -4.759289  |  +4.523214  |  -5.817489  |  +1.839328  |  -2.044845  |  -3.215212  |  +1.297143  |  -5.995291  |  +3.978408  |  -3.620791
3.000  |  -4.458084  |  +3.811799  |  -5.369087  |  +1.890537  |  -1.565061  |  -3.488851  |  +0.500356  |  -5.298384  |  +3.740109  |  -2.817207
3.025  |  -3.995971  |  +2.883650  |  -4.717168  |  +1.805951  |  -1.069579  |  -3.690124  |  -0.419384  |  -4.418744  |  +3.309128  |  -1.894563
3.050  |  -3.396594  |  +1.775646  |  -3.890049  |  +1.602042  |  -0.574383  |  -3.818404  |  -1.430035  |  -3.395403  |  +2.718654  |  -0.881486
3.075  |  -2.689369  |  +0.533014  |  -2.924097  |  +1.300544  |  -0.095903  |  -3.875964  |  -2.494554  |  -2.274045  |  +2.008734  |  +0.189060
3.100  |  -1.908159  |  -0.792616  |  -1.862006  |  +0.927236  |  +0.349616  |  -3.867693  |  -3.572438  |  -1.104912  |  +1.224300  |  +1.281118
3.125  |  -1.089755  |  -2.145439  |  -0.750784  |  +0.510557  |  +0.746766  |  -3.800710  |  -4.621449  |  +0.059508  |  +0.412986  |  +2.357222
3.150  |  -0.272230  |  -3.467909  |  +0.360445  |  +0.080094  |  +1.081596  |  -3.683888  |  -5.599439  |  +1.166906  |  -0.377167  |  +3.379952
3.175  |  +0.506761  |  -4.703247  |  +1.422737  |  -0.334957  |  +1.342202  |  -3.527320  |  -6.466183  |  +2.167569  |  -1.100015  |  +4.313493
3.200  |  +1.211663  |  -5.797926  |  +2.389598  |  -0.707299  |  +1.519228  |  -3.341743  |  -7.185158  |  +3.016698  |  -1.713520  |  +5.125134
3.225  |  +1.810604  |  -6.704024  |  +3.219132  |  -1.012934  |  +1.606289  |  -3.137964  |  -7.725156  |  +3.676491  |  -2.181752  |  +5.786631
3.250  |  +2.276819  |  -7.381324  |  +3.875963  |  -1.232382  |  +1.600268  |  -2.926306  |  -8.061692  |  +4.117920  |  -2.476600  |  +6.275379
3.275  |  +2.589839  |  -7.799088  |  +4.332851  |  -1.351667  |  +1.501490  |  -2.716098  |  -8.178109  |  +4.322108  |  -2.579112  |  +6.575343
3.300  |  +2.736405  |  -7.937413  |  +4.571912  |  -1.363014  |  +1.313759  |  -2.515246  |  -8.066356  |  +4.281239  |  -2.480399  |  +6.677707
3.325  |  +2.711058  |  -7.788108  |  +4.585403  |  -1.265235  |  +1.044249  |  -2.329889  |  -7.727375  |  +3.998963  |  -2.182065  |  +6.581209
3.350  |  +2.516381  |  -7.355065  |  +4.376029  |  -1.063775  |  +0.703259  |  -2.164162  |  -7.171114  |  +3.490276  |  -1.696141  |  +6.292149
3.375  |  +2.162885  |  -6.654094  |  +3.956755  |  -0.770414  |  +0.303842  |  -2.020079  |  -6.416122  |  +2.780869  |  -1.044522  |  +5.824081
3.400  |  +1.668541  |  -5.712239  |  +3.350143  |  -0.402656  |  -0.138693  |  -1.897528  |  -5.488779  |  +1.905992  |  -0.257947  |  +5.197181
3.425  |  +1.057978  |  -4.566603  |  +2.587245  |  +0.017186  |  -0.607361  |  -1.794387  |  -4.422179  |  +0.908865  |  +0.625456  |  +4.437352
3.450  |  +0.361382  |  -3.262735  |  +1.706094  |  +0.463150  |  -1.084166  |  -1.706747  |  -3.254710  |  -0.161283  |  +1.561959  |  +3.575070
3.475  |  -0.386846  |  -1.852648  |  +0.749884  |  +0.906985  |  -1.550801  |  -1.629226  |  -2.028414  |  -1.251457  |  +2.504314  |  +2.644064
3.500  |  -1.149634  |  -0.392565  |  -0.235095  |  +1.319633  |  -1.989372  |  -1.555363  |  -0.787177  |  -2.307327  |  +3.403990  |  +1.679848
3.525  |  -1.888890  |  +1.059511  |  -1.201650  |  +1.672769  |  -2.383101  |  -1.478060  |  +0.425145  |  -3.275727  |  +4.213493  |  +0.718209
3.550  |  -2.567217  |  +2.446306  |  -2.103920  |  +1.940323  |  -2.716985  |  -1.390062  |  +1.566601  |  -4.107117  |  +4.888643  |  -0.206307
3.575  |  -3.149586  |  +3.713725  |  -2.899535  |  +2.099905  |  -2.978387  |  -1.284434  |  +2.598922  |  -4.757883  |  +5.390714  |  -1.061835
3.600  |  -3.604922  |  +4.813162  |  -3.551605  |  +2.134066  |  -3.157521  |  -1.155026  |  +3.489128  |  -5.192387  |  +5.688328  |  -1.820491
3.625  |  -3.907510  |  +5.703557  |  -4.030438  |  +2.031328  |  -3.247824  |  -0.996880  |  +4.210885  |  -5.384653  |  +5.759025  |  -2.459474
3.650  |  -4.038174  |  +6.353099  |  -4.314919  |  +1.786940  |  -3.246191  |  -0.806588  |  +4.745563  |  -5.319626  |  +5.590428  |  -2.961930
3.675  |  -3.985170  |  +6.740526  |  -4.393473  |  +1.403304  |  -3.153062  |  -0.582550  |  +5.082936  |  -4.993936  |  +5.180947  |  -3.317535
3.700  |  -3.744758  |  +6.855941  |  -4.264572  |  +0.890064  |  -2.972363  |  -0.325143  |  +5.221496  |  -4.416133  |  +4.539994  |  -3.522770
3.725  |  -3.321421  |  +6.701128  |  -3.936768  |  +0.263836  |  -2.711300  |  -0.036782  |  +5.168383  |  -3.606386  |  +3.687696  |  -3.580887
3.750  |  -2.727733  |  +6.289346  |  -3.428237  |  -0.452397  |  -2.380011  |  +0.278133  |  +4.938904  |  -2.595646  |  +2.654109  |  -3.501568
3.775  |  -1.983875  |  +5.644623  |  -2.765870  |  -1.230225  |  -1.991103  |  +0.613374  |  +4.555705  |  -1.424318  |  +1.477978  |  -3.300286
3.800  |  -1.116810  |  +4.800570  |  -1.983952  |  -2.037008  |  -1.559082  |  +0.961144  |  +4.047601  |  -0.140504  |  +0.205092  |  -2.997417
3.825  |  -0.159180  |  +3.798793  |  -1.122478  |  -2.837319  |  -1.099706  |  +1.312418  |  +3.448136  |  +1.202115  |  -1.113692  |  -2.617135
3.850  |  +0.852055  |  +2.686951  |  -0.225208  |  -3.594527  |  -0.629293  |  +1.657365  |  +2.793940  |  +2.546658  |  -2.424667  |  -2.186139
3.875  |  +1.877161  |  +1.516572  |  +0.662472  |  -4.272481  |  -0.164010  |  +1.985808  |  +2.122961  |  +3.835572  |  -3.673638  |  -1.732295
3.900  |  +2.875292  |  +0.340711  |  +1.495757  |  -4.837191  |  +0.280826  |  +2.287715  |  +1.472640  |  +5.013205  |  -4.808311  |  -1.283225
3.925  |  +3.806203  |  -0.788435  |  +2.232611  |  -5.258444  |  +0.691400  |  +2.553695  |  +0.878139  |  +6.028301  |  -5.780621  |  -0.864943
3.950  |  +4.631934  |  -1.821849  |  +2.835830  |  -5.511265  |  +1.055976  |  +2.775462  |  +0.370679  |  +6.836302  |  -6.548873  |  -0.500573
3.975  |  +5.318398  |  -2.715855  |  +3.274871  |  -5.577169  |  +1.365377  |  +2.946262  |  -0.023915  |  +7.401360  |  -7.079610  |  -0.209231
4.000  |  +5.836799  |  -3.434008  |  +3.527371  |  -5.445126  |  +1.613347  |  +3.061220  |  -0.286406  |  +7.697966  |  -7.349119  |  -0.005111
4.025  |  +6.164828  |  -3.948647  |  +3.580281  |  -5.112201  |  +1.796770  |  +3.117616  |  -0.405017  |  +7.712113  |  -7.344511  |  +0.103180
4.050  |  +6.287580  |  -4.242029  |  +3.430554  |  -4.583836  |  +1.915748  |  +3.115042  |  -0.375936  |  +7.441955  |  -7.064321  |  +0.113001
4.075  |  +6.198159  |  -4.307001  |  +3.085361  |  -3.873754  |  +1.973529  |  +3.055465  |  -0.203447  |  +6.897919  |  -6.518597  |  +0.027766
4.100  |  +5.897939  |  -4.147187  |  +2.561818  |  -3.003481  |  +1.976288  |  +2.943168  |  +0.100346  |  +6.102269  |  -5.728485  |  -0.143273
4.125  |  +5.396490  |  -3.776673  |  +1.886232  |  -2.001515  |  +1.932779  |  +2.784578  |  +0.516154  |  +5.088145  |  -4.725317  |  -0.385535
4.150  |  +4.711148  |  -3.219223  |  +1.092911  |  -0.902171  |  +1.853858  |  +2.587997  |  +1.018495  |  +3.898112  |  -3.549247  |  -0.679880
4.175  |  +3.866277  |  -2.507055  |  +0.222578  |  +0.255858  |  +1.751920  |  +2.363231  |  +1.576987  |  +2.582297  |  -2.247499  |  -1.003614
4.200  |  +2.892239  |  -1.679237  |  -0.679532  |  +1.431135  |  +1.640258  |  +2.121152  |  +2.157869  |  +1.196178  |  -0.872299  |  -1.331667
4.225  |  +1.824130  |  -0.779784  |  -1.565801  |  +2.581267  |  +1.532384  |  +1.873200  |  +2.725702  |  -0.201853  |  +0.521409  |  -1.637903
4.250  |  +0.700326  |  +0.144461  |  -2.388486  |  +3.664739  |  +1.441344  |  +1.630858  |  +3.245145  |  -1.553058  |  +1.878362  |  -1.896487
4.275  |  -0.439082  |  +1.046061  |  -3.102010  |  +4.642729  |  +1.379047  |  +1.405113  |  +3.682742  |  -2.800933  |  +3.145392  |  -2.083254
4.300  |  -1.553911  |  +1.879230  |  -3.665160  |  +5.480808  |  +1.355658  |  +1.205949  |  +4.008624  |  -3.893682  |  +4.273728  |  -2.177003
4.325  |  -2.605479  |  +2.601983  |  -4.043112  |  +6.150461  |  +1.379064  |  +1.041875  |  +4.198045  |  -4.786471  |  +5.221108  |  -2.160662
4.350  |  -3.558127  |  +3.178102  |  -4.209158  |  +6.630343  |  +1.454454  |  +0.919522  |  +4.232688  |  -5.443375  |  +5.953579  |  -2.022267
4.375  |  -4.380573  |  +3.578820  |  -4.146088  |  +6.907222  |  +1.584024  |  +0.843333  |  +4.101666  |  -5.838906  |  +6.446927  |  -1.755704
4.400  |  -5.047072  |  +3.784152  |  -3.847124  |  +6.976558  |  +1.766821  |  +0.815350  |  +3.802183  |  -5.959084  |  +6.687662  |  -1.361176
4.425  |  -5.538318  |  +3.783803  |  -3.316389  |  +6.842694  |  +1.998745  |  +0.835116  |  +3.339805  |  -5.801977  |  +6.673517  |  -0.845374
4.450  |  -5.842061  |  +3.577638  |  -2.568868  |  +6.518646  |  +2.272691  |  +0.899703  |  +2.728346  |  -5.377703  |  +6.413438  |  -0.221344
4.475  |  -5.953410  |  +3.175659  |  -1.629864  |  +6.025498  |  +2.578847  |  +1.003853  |  +1.989354  |  -4.707895  |  +5.927071  |  +0.491964
4.500  |  -5.874833  |  +2.597527  |  -0.533975  |  +5.391431  |  +2.905115  |  +1.140235  |  +1.151231  |  -3.824647  |  +5.243773  |  +1.270414
4.525  |  -5.615830  |  +1.871630  |  +0.676367  |  +4.650422  |  +3.237651  |  +1.299806  |  +0.248015  |  -2.768992  |  +4.401182  |  +2.085678
4.550  |  -5.192331  |  +1.033745  |  +1.952737  |  +3.840684  |  +3.561494  |  +1.472259  |  -0.682104  |  -1.588999  |  +3.443424  |  +2.906428
4.575  |  -4.625831  |  +0.125374  |  +3.242843  |  +3.002900  |  +3.861257  |  +1.646534  |  -1.598492  |  -0.337543  |  +2.419038  |  +3.699699
4.600  |  -3.942310  |  -0.808195  |  +4.492851  |  +2.178347  |  +4.121845  |  +1.811376  |  -2.459903  |  +0.930106  |  +1.378710  |  +4.432337
4.625  |  -3.170997  |  -1.719990  |  +5.649805  |  +1.406984  |  +4.329171  |  +1.955900  |  -3.226360  |  +2.158807  |  +0.372921  |  +5.072494
4.650  |  -2.343026  |  -2.563535  |  +6.664019  |  +0.725599  |  +4.470842  |  +2.070157  |  -3.861004  |  +3.296037  |  -0.550374  |  +5.591079
4.675  |  -1.490054  |  -3.295001  |  +7.491347  |  +0.166096  |  +4.536766  |  +2.145651  |  -4.331813  |  +4.294248  |  -1.347947  |  +5.963109
4.700  |  -0.642899  |  -3.875232  |  +8.095221  |  -0.245998  |  +4.519676  |  +2.175802  |  -4.613123  |  +5.112984  |  -1.983260  |  +6.168894
4.725  |  +0.169742  |  -4.271560  |  +8.448353  |  -0.492728  |  +4.415522  |  +2.156313  |  -4.686874  |  +5.720652  |  -2.428113  |  +6.195012
4.750  |  +0.922429  |  -4.459313  |  +8.534040  |  -0.564567  |  +4.223732  |  +2.085440  |  -4.543522  |  +6.095885  |  -2.663891  |  +6.035004
4.775  |  +1.593944  |  -4.422961  |  +8.346996  |  -0.460876  |  +3.947312  |  +1.964143  |  -4.182581  |  +6.228414  |  -2.682371  |  +5.689783
4.800  |  +2.168015  |  -4.156845  |  +7.893671  |  -0.189953  |  +3.592794  |  +1.796102  |  -3.612750  |  +6.119428  |  -2.486033  |  +5.167717
4.825  |  +2.633800  |  -3.665451  |  +7.192055  |  +0.231333  |  +3.170022  |  +1.587613  |  -2.851646  |  +5.781405  |  -2.087875  |  +4.484387
4.850  |  +2.986101  |  -2.963227  |  +6.270952  |  +0.778316  |  +2.691790  |  +1.347347  |  -1.925119  |  +5.237414  |  -1.510739  |  +3.662031
4.875  |  +3.225298  |  -2.073957  |  +5.168768  |  +1.419677  |  +2.173345  |  +1.085998  |  -0.866211  |  +4.519934  |  -0.786177  |  +2.728689
4.900  |  +3.357037  |  -1.029702  |  +3.931868  |  +2.118903  |  +1.631774  |  +0.815824  |  +0.286222  |  +3.669239  |  +0.047082  |  +1.717095
4.925  |  +3.391666  |  +0.130618  |  +2.612561  |  +2.836007  |  +1.085312  |  +0.550106  |  +1.489150  |  +2.731430  |  +0.945006  |  +0.663349
4.950  |  +3.343469  |  +1.362944  |  +1.266815  |  +3.529422  |  +0.552582  |  +0.302546  |  +2.697198  |  +1.756203  |  +1.860368  |  -0.394549
4.975  |  +3.229738  |  +2.620031  |  -0.048204  |  +4.157991  |  +0.051824  |  +0.086633  |  +3.864591  |  +0.794461  |  +2.745013  |  -1.418272
5.000  |  +3.069722  |  +3.853519  |  -1.276649  |  +4.682953  |  -0.399874  |  -0.084996  |  +4.947116  |  -0.104124  |  +3.552154  |  -2.370743
5.025  |  +2.883517  |  +5.016056  |  -2.366464  |  +5.069841  |  -0.787291  |  -0.201173  |  +5.904024  |  -0.893479  |  +4.238614  |  -3.217678
5.050  |  +2.690946  |  +6.063353  |  -3.271692  |  +5.290200  |  -1.097718  |  -0.252753  |  +6.699780  |  -1.533318  |  +4.766895  |  -3.928995
5.075  |  +2.510487  |  +6.956090  |  -3.954513  |  +5.323050  |  -1.321487  |  -0.233105  |  +7.305584  |  -1.991057  |  +5.106975  |  -4.480064
5.100  |  +2.358300  |  +7.661584  |  -4.386931  |  +5.156013  |  -1.452378  |  -0.138485  |  +7.700587  |  -2.243355  |  +5.237773  |  -4.852706
5.125  |  +2.247395  |  +8.155150  |  -4.552011  |  +4.786061  |  -1.487869  |  +0.031705  |  +7.872767  |  -2.277219  |  +5.148179  |  -5.035921
5.150  |  +2.186984  |  +8.421080  |  -4.444640  |  +4.219847  |  -1.429224  |  +0.274789  |  +7.819402  |  -2.090614  |  +4.837633  |  -5.026315
5.175  |  +2.182053  |  +8.453219  |  -4.071750  |  +3.473585  |  -1.281423  |  +0.584840  |  +7.547132  |  -1.692556  |  +4.316206  |  -4.828183
5.200  |  +2.233148  |  +8.255102  |  -3.452005  |  +2.572499  |  -1.052922  |  +0.952839  |  +7.071606  |  -1.102685  |  +3.604187  |  -4.453275
5.225  |  +2.336414  |  +7.839650  |  -2.614969  |  +1.549851  |  -0.755259  |  +1.366973  |  +6.416732  |  -0.350327  |  +2.731190  |  -3.920238
5.250  |  +2.483858  |  +7.228454  |  -1.599775  |  +0.445588  |  -0.402530  |  +1.813064  |  +5.613552  |  +0.526897  |  +1.734827  |  -3.253763
5.275  |  +2.663826  |  +6.450663  |  -0.453379  |  -0.695332  |  -0.010751  |  +2.275104  |  +4.698818  |  +1.484860  |  +0.659005  |  -2.483479
5.300  |  +2.861681  |  +5.541555  |  +0.771547  |  -1.824862  |  +0.402864  |  +2.735879  |  +3.713301  |  +2.475024  |  -0.448082  |  -1.642642
5.325  |  +3.060624  |  +4.540844  |  +2.018968  |  -2.893957  |  +0.820674  |  +3.177656  |  +2.699945  |  +3.446756  |  -1.536155  |  -0.766673
5.350  |  +3.242629  |  +3.490808  |  +3.231997  |  -3.854733  |  +1.225402  |  +3.582900  |  +1.701920  |  +4.349744  |  -2.555170  |  +0.108378
5.375  |  +3.389450  |  +2.434327  |  +4.355436  |  -4.662616  |  +1.600900  |  +3.935000  |  +0.760686  |  +5.136405  |  -3.457628  |  +0.947384
5.400  |  +3.483634  |  +1.412924  |  +5.338239  |  -5.278355  |  +1.932859  |  +4.218957  |  -0.085860  |  +5.764176  |  -4.200782  |  +1.717643
5.425  |  +3.509493  |  +0.464900  |  +6.135793  |  -5.669844  |  +2.209439  |  +4.422023  |  -0.805064  |  +6.197571  |  -4.748631  |  +2.390242
5.450  |  +3.454002  |  -0.376354  |  +6.711897  |  -5.813640  |  +2.421773  |  +4.534248  |  -1.370939  |  +6.409921  |  -5.073614  |  +2.941257
5.475  |  +3.307558  |  -1.083787  |  +7.040367  |  -5.696129  |  +2.564334  |  +4.548919  |  -1.765282  |  +6.384705  |  -5.157927  |  +3.352704
5.500  |  +3.064569  |  -1.637796  |  +7.106187  |  -5.314268  |  +2.635151  |  +4.462872  |  -1.978419  |  +6.116403  |  -4.994392  |  +3.613222
5.525  |  +2.723855  |  -2.026967  |  +6.906155  |  -4.675886  |  +2.635849  |  +4.276658  |  -2.009561  |  +5.610854  |  -4.586857  |  +3.718449
5.550  |  +2.288820  |  -2.248412  |  +6.448991  |  -3.799506  |  +2.571522  |  +3.994561  |  -1.866735  |  +4.885067  |  -3.950082  |  +3.671083
5.575  |  +1.767412  |  -2.307693  |  +5.754920  |  -2.713711  |  +2.450446  |  +3.624461  |  -1.566318  |  +3.966524  |  -3.109135  |  +3.480618
5.600  |  +1.171849  |  -2.218340  |  +4.854721  |  -1.456071  |  +2.283637  |  +3.177554  |  -1.132167  |  +2.891979  |  -2.098324  |  +3.162781
5.625  |  +0.518135  |  -2.000994  |  +3.788313  |  -0.071672  |  +2.084276  |  +2.667935  |  -0.594423  |  +1.705831  |  -0.959695  |  +2.738697
5.650  |  -0.174602  |  -1.682210  |  +2.602926  |  +1.388684  |  +1.867036  |  +2.112060  |  +0.011995  |  +0.458121  |  +0.258813  |  +2.233807
5.675  |  -0.884939  |  -1.292984  |  +1.350949  |  +2.870537  |  +1.647328  |  +1.528117  |  +0.649106  |  -0.797732  |  +1.505485  |  +1.676608
5.700  |  -1.590093  |  -0.867089  |  +0.087541  |  +4.317992  |  +1.440511  |  +0.935326  |  +1.277724  |  -2.007376  |  +2.727126  |  +1.097273
5.725  |  -2.266932  |  -0.439275  |  -1.131866  |  +5.676014  |  +1.261100  |  +0.353193  |  +1.859377  |  -3.118017  |  +3.871423  |  +0.526198
5.750  |  -2.893003  |  -0.043455  |  -2.254087  |  +6.892696  |  +1.122008  |  -0.199238  |  +2.358179  |  -4.080855  |  +4.889265  |  -0.007435
5.775  |  -3.447537  |  +0.289069  |  -3.230578  |  +7.921402  |  +1.033862  |  -0.704113  |  +2.742594  |  -4.853353  |  +5.736933  |  -0.477030
5.800  |  -3.912374  |  +0.531227  |  -4.019635  |  +8.722686  |  +1.004416  |  -1.145455  |  +2.986983  |  -5.401223  |  +6.378033  |  -0.859809
5.825  |  -4.272769  |  +0.661589  |  -4.588263  |  +9.265916  |  +1.038106  |  -1.509755  |  +3.072884  |  -5.700047  |  +6.785108  |  -1.137856
5.850  |  -4.518040  |  +0.665477  |  -4.913653  |  +9.530515  |  +1.135747  |  -1.786474  |  +2.989949  |  -5.736447  |  +6.940846  |  -1.298921
5.875  |  -4.642023  |  +0.535745  |  -4.984192  |  +9.506788  |  +1.294414  |  -1.968418  |  +2.736498  |  -5.508766  |  +6.838830  |  -1.336952
5.900  |  -4.643325  |  +0.273171  |  -4.799968  |  +9.196276  |  +1.507488  |  -2.051973  |  +2.319674  |  -5.027200  |  +6.483794  |  -1.252333
5.925  |  -4.525342  |  -0.113545  |  -4.372732  |  +8.611640  |  +1.764893  |  -2.037199  |  +1.755169  |  -4.313396  |  +5.891381  |  -1.051806
5.950  |  -4.296066  |  -0.608177  |  -3.725341  |  +7.776075  |  +2.053491  |  -1.927773  |  +1.066551  |  -3.399526  |  +5.087411  |  -0.748107
5.975  |  -3.967669  |  -1.187756  |  -2.890693  |  +6.722273  |  +2.357639  |  -1.730794  |  +0.284215  |  -2.326866  |  +4.106688  |  -0.359303
6.000  |  -3.555904  |  -1.823690  |  -1.910209  |  +5.490999  |  +2.659870  |  -1.456445  |  -0.556002  |  -1.143966  |  +2.991409  |  +0.092107
6.025  |  -3.079337  |  -2.483169  |  -0.831928  |  +4.129323  |  +2.941679  |  -1.117551  |  -1.414465  |  +0.095533  |  +1.789247  |  +0.580305
6.050  |  -2.558457  |  -3.130795  |  +0.291690  |  +2.688602  |  +3.184372  |  -0.729028  |  -2.249584  |  +1.335315  |  +0.551191  |  +1.077422
6.075  |  -2.014702  |  -3.730351  |  +1.406163  |  +1.222295  |  +3.369945  |  -0.307265  |  -3.019758  |  +2.518937  |  -0.670759  |  +1.554897
6.100  |  -1.469450  |  -4.246628  |  +2.457471  |  -0.216297  |  +3.481951  |  +0.130541  |  -3.685349  |  +3.592397  |  -1.825919  |  +1.984869
6.125  |  -0.943033  |  -4.647218  |  +3.394514  |  -1.576255  |  +3.506313  |  +0.567068  |  -4.210576  |  +4.506592  |  -2.867197  |  +2.341533
6.150  |  -0.453798  |  -4.904194  |  +4.171433  |  -2.811152  |  +3.432052  |  +0.985536  |  -4.565250  |  +5.219571  |  -3.753175  |  +2.602397
6.175  |  -0.017294  |  -4.995586  |  +4.749692  |  -3.880932  |  +3.251892  |  +1.370347  |  -4.726277  |  +5.698461  |  -4.449937  |  +2.749387
6.200  |  +0.354409  |  -4.906587  |  +5.099820  |  -4.753503  |  +2.962705  |  +1.707642  |  -4.678846  |  +5.920991  |  -4.932536  |  +2.769736
6.225  |  +0.653211  |  -4.630426  |  +5.202739  |  -5.405958  |  +2.565794  |  +1.985788  |  -4.417251  |  +5.876531  |  -5.186046  |  +2.656632
6.250  |  +0.875271  |  -4.168874  |  +5.050623  |  -5.825375  |  +2.066975  |  +2.195750  |  -3.945312  |  +5.566614  |  -5.206151  |  +2.409581
6.275  |  +1.021085  |  -3.532334  |  +4.647235  |  -6.009182  |  +1.476468  |  +2.331347  |  -3.276364  |  +5.004893  |  -4.999237  |  +2.034475
6.300  |  +1.095330  |  -2.739536  |  +4.007746  |  -5.965043  |  +0.808592  |  +2.389382  |  -2.432824  |  +4.216555  |  -4.581998  |  +1.543366
6.325  |  +1.106509  |  -1.816832  |  +3.158040  |  -5.710303  |  +0.081274  |  +2.369645  |  -1.445333  |  +3.237201  |  -3.980562  |  +0.953941
6.350  |  +1.066392  |  -0.797114  |  +2.133524  |  -5.271006  |  -0.684603  |  +2.274789  |  -0.351539  |  +2.111250  |  -3.229192  |  +0.288744
6.375  |  +0.989295  |  +0.281569  |  +0.977522  |  -4.680535  |  -1.465997  |  +2.110095  |  +0.805462  |  +0.889934  |  -2.368608  |  -0.425832
6.400  |  +0.891223  |  +1.377664  |  -0.260694  |  -3.977945  |  -2.238602  |  +1.883128  |  +1.978925  |  -0.371021  |  -1.444026  |  -1.160739
6.425  |  +0.788932  |  +2.447940  |  -1.528131  |  -3.206053  |  -2.977825  |  +1.603314  |  +3.120442  |  -1.613930  |  -0.502988  |  -1.885583
6.450  |  +0.698944  |  +3.449406  |  -2.770468  |  -2.409396  |  -3.659771  |  +1.281460  |  +4.182012  |  -2.781782  |  +0.406893  |  -2.570009
6.475  |  +0.636578  |  +4.341248  |  -3.934497  |  -1.632120  |  -4.262236  |  +0.929220  |  +5.118112  |  -3.820851  |  +1.240201  |  -3.185074
6.500  |  +0.615029  |  +5.086669  |  -4.970511  |  -0.915928  |  -4.765618  |  +0.558567  |  +5.887668  |  -4.683162  |  +1.955853  |  -3.704564
6.525  |  +0.644564  |  +5.654567  |  -5.834522  |  -0.298158  |  -5.153751  |  +0.181257  |  +6.455851  |  -5.328717  |  +2.519036  |  -4.106183
6.550  |  +0.731858  |  +6.020966  |  -6.490211  |  +0.189913  |  -5.414593  |  -0.191663  |  +6.795604  |  -5.727350  |  +2.902839  |  -4.372565
6.575  |  +0.879516  |  +6.170128  |  -6.910527  |  +0.524467  |  -5.540749  |  -0.550287  |  +6.888839  |  -5.860156  |  +3.089504  |  -4.492058
6.600  |  +1.085799  |  +6.095300  |  -7.078858  |  +0.690179  |  -5.529811  |  -0.886223  |  +6.727259  |  -5.720404  |  +3.071249  |  -4.459243
6.625  |  +1.344585  |  +5.799053  |  -6.989726  |  +0.680841  |  -5.384486  |  -1.192861  |  +6.312743  |  -5.313910  |  +2.850609  |  -4.275175
6.650  |  +1.645549  |  +5.293208  |  -6.648971  |  +0.499563  |  -5.112519  |  -1.465557  |  +5.657307  |  -4.658833  |  +2.440289  |  -3.947323
6.675  |  +1.974580  |  +4.598332  |  -6.073430  |  +0.158521  |  -4.726400  |  -1.701706  |  +4.782623  |  -3.784916  |  +1.862539  |  -3.489216
6.700  |  +2.314401  |  +3.742845  |  -5.290112  |  -0.321707  |  -4.242875  |  -1.900711  |  +3.719116  |  -2.732203  |  +1.148068  |  -2.919816
6.725  |  +2.645366  |  +2.761765  |  -4.334922  |  -0.913211  |  -3.682278  |  -2.063863  |  +2.504694  |  -1.549272  |  +0.334560  |  -2.262644
6.750  |  +2.946413  |  +1.695158  |  -3.250986  |  -1.582151  |  -3.067710  |  -2.194121  |  +1.183151  |  -0.291091  |  -0.535148  |  -1.544704
6.775  |  +3.196108  |  +0.586350  |  -2.086663  |  -2.290436  |  -2.424105  |  -2.295827  |  -0.197676  |  +0.983431  |  -1.415136  |  -0.795249
6.800  |  +3.373749  |  -0.520003  |  -0.893329  |  -2.997601  |  -1.777209  |  -2.374356  |  -1.587922  |  +2.214087  |  -2.258624  |  -0.044449
6.825  |  +3.460462  |  -1.579904  |  +0.276960  |  -3.662789  |  -1.152537  |  -2.435729  |  -2.937785  |  +3.342068  |  -3.020241  |  +0.677967
6.850  |  +3.440245  |  -2.551973  |  +1.373820  |  -4.246756  |  -0.574327  |  -2.486209  |  -4.199608  |  +4.312622  |  -3.658243  |  +1.344045
6.875  |  +3.300914  |  -3.399285  |  +2.350793  |  -4.713785  |  -0.064557  |  -2.531896  |  -5.329857  |  +5.077531  |  -4.136563  |  +1.928852
6.900  |  +3.034878  |  -4.090998  |  +3.167413  |  -5.033452  |  +0.357948  |  -2.578351  |  -6.290906  |  +5.597310  |  -4.426605  |  +2.411565
6.925  |  +2.639743  |  -4.603697  |  +3.790971  |  -5.182130  |  +0.678268  |  -2.630257  |  -7.052558  |  +5.843019  |  -4.508697  |  +2.776364
6.950  |  +2.118666  |  -4.922397  |  +4.197919  |  -5.144184  |  +0.885981  |  -2.691139  |  -7.593230  |  +5.797613  |  -4.373130  |  +3.013084
6.975  |  +1.480480  |  -5.041154  |  +4.374839  |  -4.912787  |  +0.975564  |  -2.763158  |  -7.900756  |  +5.456761  |  -4.020732  |  +3.117593
7.000  |  +0.739548  |  -4.963252  |  +4.318934  |  -4.490339  |  +0.946575  |  -2.846986  |  -7.972774  |  +4.829107  |  -3.462954  |  +3.091887
7.025  |  -0.084638  |  -4.700975  |  +4.038030  |  -3.888440  |  +0.803638  |  -2.941768  |  -7.816678  |  +3.935947  |  -2.721457  |  +2.943891
7.050  |  -0.968105  |  -4.274945  |  +3.550084  |  -3.127451  |  +0.556190  |  -3.045166  |  -7.449143  |  +2.810344  |  -1.827215  |  +2.686973
7.075  |  -1.883262  |  -3.713086  |  +2.882226  |  -2.235638  |  +0.218046  |  -3.153498  |  -6.895257  |  +1.495726  |  -0.819177  |  +2.339214
7.100  |  -2.799956  |  -3.049250  |  +2.069384  |  -1.247948  |  -0.193239  |  -3.261938  |  -6.187278  |  +0.044009  |  +0.257449  |  +1.922444
7.125  |  -3.686663  |  -2.321561  |  +1.152559  |  -0.204476  |  -0.657153  |  -3.364792  |  -5.363100  |  -1.486649  |  +1.353227  |  +1.461106
7.150  |  -4.511776  |  -1.570573  |  +0.176827  |  +0.851310  |  -1.151140  |  -3.455822  |  -4.464476  |  -3.034377  |  +2.416726  |  +0.981006
7.175  |  -5.244918  |  -0.837311  |  -0.810833  |  +1.874512  |  -1.651595  |  -3.528594  |  -3.535100  |  -4.536290  |  +3.396878  |  +0.507995
7.200  |  -5.858239  |  -0.161299  |  -1.763777  |  +2.820811  |  -2.134898  |  -3.576852  |  -2.618620  |  -5.931224  |  +4.245323  |  +0.066659
7.225  |  -6.327622  |  +0.421343  |  -2.637908  |  +3.648461  |  -2.578443  |  -3.594877  |  -1.756673  |  -7.162411  |  +4.918663  |  -0.320927
7.250  |  -6.633761  |  +0.879632  |  -3.393744  |  +4.320172  |  -2.961626  |  -3.577831  |  -0.987045  |  -8.179943  |  +5.380504  |  -0.636314
7.275  |  -6.763041  |  +1.189217  |  -3.998258  |  +4.804800  |  -3.266731  |  -3.522050  |  -0.342012  |  -8.942944  |  +5.603190  |  -0.865615
7.300  |  -6.708201  |  +1.333549  |  -4.426395  |  +5.078762  |  -3.479693  |  -3.425286  |  +0.153037  |  -9.421337  |  +5.569160  |  -1.000213
7.325  |  -6.468727  |  +1.304690  |  -4.662200  |  +5.127120  |  -3.590699  |  -3.286885  |  +0.480651  |  -9.597131  |  +5.271852  |  -1.037201
7.350  |  -6.050971  |  +1.103699  |  -4.699503  |  +4.944274  |  -3.594600  |  -3.107872  |  +0.632000  |  -9.465179  |  +4.716118  |  -0.979546
7.375  |  -5.467977  |  +0.740604  |  -4.542136  |  +4.534249  |  -3.491122  |  -2.890973  |  +0.607146  |  -9.033358  |  +3.918122  |  -0.835947
7.400  |  -4.739023  |  +0.233928  |  -4.203665  |  +3.910541  |  -3.284854  |  -2.640533  |  +0.414909  |  -8.322189  |  +2.904737  |  -0.620411
7.425  |  -3.888905  |  -0.390178  |  -3.706656  |  +3.095554  |  -2.985039  |  -2.362370  |  +0.072326  |  -7.363884  |  +1.712442  |  -0.351546
7.450  |  -2.946969  |  -1.099184  |  -3.081514  |  +2.119636  |  -2.605147  |  -2.063547  |  -0.396262  |  -6.200897  |  +0.385794  |  -0.051628
7.475  |  -1.945961  |  -1.855726  |  -2.364941  |  +1.019768  |  -2.162280  |  -1.752086  |  -0.960454  |  -4.884017  |  -1.024479  |  +0.254540
7.500  |  -0.920719  |  -2.619409  |  -1.598099  |  -0.162043  |  -1.676409  |  -1.436629  |  -1.585307  |  -3.470106  |  -2.463661  |  +0.540908
7.525  |  +0.093223  |  -3.348746  |  -0.824557  |  -1.380580  |  -1.169493  |  -1.126073  |  -2.233049  |  -2.019580  |  -3.875430  |  +0.781543
7.550  |  +1.061061  |  -4.003176  |  -0.088125  |  -2.589375  |  -0.664515  |  -0.829191  |  -2.864919  |  -0.593743  |  -5.204313  |  +0.952012
7.575  |  +1.950118  |  -4.545046  |  +0.569324  |  -3.742711  |  -0.184473  |  -0.554250  |  -3.443031  |  +0.747902  |  -6.398109  |  +1.030715
7.600  |  +2.731154  |  -4.941473  |  +1.109940  |  -4.797578  |  +0.248625  |  -0.308662  |  -3.932201  |  +1.950252  |  -7.410181  |  +1.000101
7.625  |  +3.379518  |  -5.165988  |  +1.501792  |  -5.715500  |  +0.614721  |  -0.098670  |  -4.301625  |  +2.964982  |  -8.201493  |  +0.847723
7.650  |  +3.876116  |  -5.199899  |  +1.720474  |  -6.464149  |  +0.896582  |  +0.070911  |  -4.526356  |  +3.752617  |  -8.742320  |  +0.567049
7.675  |  +4.208125  |  -5.033296  |  +1.750360  |  -7.018676  |  +1.080546  |  +0.196880  |  -4.588496  |  +4.284195  |  -9.013543  |  +0.158019
7.700  |  +4.369445  |  -4.665643  |  +1.585434  |  -7.362691  |  +1.157117  |  +0.277768  |  -4.478061  |  +4.542443  |  -9.007462  |  -0.372707
7.725  |  +4.360857  |  -4.105950  |  +1.229661  |  -7.488863  |  +1.121374  |  +0.313864  |  -4.193468  |  +4.522435  |  -8.728110  |  -1.011812
7.750  |  +4.189885  |  -3.372487  |  +0.696877  |  -7.399113  |  +0.973188  |  +0.307166  |  -3.741643  |  +4.231687  |  -8.191036  |  -1.739711
7.775  |  +3.870372  |  -2.492067  |  +0.010203  |  -7.104386  |  +0.717223  |  +0.261243  |  -3.137720  |  +3.689690  |  -7.422570  |  -2.531239
7.800  |  +3.421783  |  -1.498924  |  -0.798993  |  -6.624017  |  +0.362743  |  +0.181033  |  -2.404370  |  +2.926923  |  -6.458612  |  -3.356623
7.825  |  +2.868274  |  -0.433236  |  -1.692530  |  -5.984734  |  -0.076786  |  +0.072570  |  -1.570780  |  +1.983369  |  -5.342984  |  -4.182694
7.850  |  +2.237562  |  +0.660646  |  -2.627195  |  -5.219335  |  -0.584269  |  -0.057333  |  -0.671331  |  +0.906618  |  -4.125435  |  -4.974285
7.875  |  +1.559659  |  +1.736172  |  -3.556769  |  -4.365098  |  -1.139706  |  -0.201440  |  +0.255960  |  -0.250352  |  -2.859375  |  -5.695760
7.900  |  +0.865514  |  +2.746698  |  -4.434217  |  -3.462021  |  -1.721036  |  -0.352457  |  +1.171166  |  -1.431626  |  -1.599457  |  -6.312596
7.925  |  +0.185630  |  +3.647600  |  -5.213935  |  -2.550940  |  -2.305065  |  -0.503399  |  +2.034263  |  -2.580913  |  -0.399101  |  -6.792961
7.950  |  -0.451276  |  +4.398332  |  -5.853944  |  -1.671651  |  -2.868435  |  -0.647935  |  +2.806941  |  -3.644103  |  +0.691920  |  -7.109204
7.975  |  -1.019519  |  +4.964303  |  -6.317940  |  -0.861087  |  -3.388596  |  -0.780691  |  +3.454344  |  -4.571705  |  +1.629719  |  -7.239193
8.000  |  -1.497539  |  +5.318503  |  -6.577085  |  -0.151657  |  -3.844732  |  -0.897503  |  +3.946651  |  -5.321051  |  +2.378264  |  -7.167441
8.025  |  -1.868791  |  +5.442803  |  -6.611473  |  +0.430178  |  -4.218608  |  -0.995600  |  +4.260419  |  -5.858182  |  +2.910984  |  -6.885965
8.050  |  -2.122394  |  +5.328852  |  -6.411182  |  +0.865048  |  -4.495306  |  -1.073712  |  +4.379651  |  -6.159307  |  +3.211932  |  -6.394825
8.075  |  -2.253512  |  +4.978550  |  -5.976873  |  +1.141459  |  -4.663804  |  -1.132098  |  +4.296516  |  -6.211800  |  +3.276469  |  -5.702339
8.100  |  -2.263448  |  +4.404054  |  -5.319905  |  +1.256201  |  -4.717391  |  -1.172485  |  +4.011707  |  -6.014667  |  +3.111415  |  -4.824928
8.125  |  -2.159454  |  +3.627321  |  -4.461944  |  +1.214358  |  -4.653899  |  -1.197931  |  +3.534419  |  -5.578485  |  +2.734680  |  -3.786626
8.150  |  -1.954265  |  +2.679214  |  -3.434104  |  +1.028928  |  -4.475732  |  -1.212611  |  +2.881943  |  -4.924806  |  +2.174375  |  -2.618239
8.175  |  -1.665375  |  +1.598196  |  -2.275631  |  +0.720062  |  -4.189710  |  -1.221540  |  +2.078905  |  -4.085058  |  +1.467458  |  -1.356214
8.200  |  -1.314102  |  +0.428679  |  -1.032209  |  +0.313965  |  -3.806727  |  -1.230246  |  +1.156183  |  -3.099011  |  +0.657961  |  -0.041247
8.225  |  -0.924473  |  -0.780899  |  +0.246044  |  -0.158475  |  -3.341238  |  -1.244411  |  +0.149552  |  -2.012855  |  -0.205106  |  +1.283309
8.250  |  -0.521997  |  -1.980192  |  +1.506804  |  -0.663288  |  -2.810613  |  -1.269494  |  -0.901877  |  -0.877004  |  -1.070089  |  +2.573160
8.275  |  -0.132368  |  -3.119146  |  +2.697881  |  -1.165156  |  -2.234370  |  -1.310359  |  -1.957355  |  +0.256277  |  -1.885154  |  +3.784855
8.300  |  +0.219829  |  -4.150207  |  +3.769576  |  -1.629204  |  -1.633339  |  -1.370929  |  -2.976251  |  +1.335327  |  -2.600762  |  +4.877543
8.325  |  +0.512349  |  -5.030406  |  +4.676934  |  -2.022767  |  -1.028776  |  -1.453881  |  -3.919787  |  +2.311486  |  -3.172050  |  +5.814642
8.350  |  +0.726406  |  -5.723260  |  +5.381801  |  -2.317039  |  -0.441486  |  -1.560396  |  -4.752671  |  +3.141350  |  -3.561002  |  +6.565330
8.375  |  +0.847617  |  -6.200371  |  +5.854580  |  -2.488540  |  +0.109019  |  -1.689984  |  -5.444555  |  +3.788759  |  -3.738307  |  +7.105819
8.400  |  +0.866729  |  -6.442677  |  +6.075613  |  -2.520314  |  +0.605297  |  -1.840397  |  -5.971262  |  +4.226444  |  -3.684838  |  +7.420322
8.425  |  +0.780102  |  -6.441275  |  +6.036119  |  -2.402816  |  +1.032632  |  -2.007624  |  -6.315717  |  +4.437248  |  -3.392645  |  +7.501703
8.450  |  +0.589914  |  -6.197797  |  +5.738638  |  -2.134439  |  +1.379574  |  -2.185979  |  -6.468547  |  +4.414867  |  -2.865459  |  +7.351755
8.475  |  +0.304084  |  -5.724313  |  +5.196973  |  -1.721657  |  +1.638314  |  -2.368288  |  -6.428336  |  +4.164094  |  -2.118646  |  +6.981106
8.500  |  -0.064078  |  -5.042758  |  +4.435617  |  -1.178773  |  +1.804894  |  -2.546147  |  -6.201505  |  +3.700526  |  -1.178626  |  +6.408756
8.525  |  -0.496494  |  -4.183927  |  +3.488698  |  -0.527292  |  +1.879252  |  -2.710264  |  -5.801856  |  +3.049789  |  -0.081786  |  +5.661256
8.550  |  -0.971171  |  -3.186063  |  +2.398482  |  +0.205063  |  +1.865088  |  -2.850850  |  -5.249779  |  +2.246283  |  +1.127078  |  +4.771572
8.575  |  -1.463243  |  -2.093124  |  +1.213504  |  +0.985633  |  +1.769569  |  -2.958058  |  -4.571183  |  +1.331531  |  +2.396714  |  +3.777677
8.600  |  -1.946173  |  -0.952783  |  -0.013584  |  +1.778360  |  +1.602899  |  -3.022444  |  -3.796188  |  +0.352199  |  +3.671684  |  +2.720936
8.625  |  -2.393030  |  +0.185730  |  -1.228362  |  +2.545492  |  +1.377759  |  -3.035417  |  -2.957656  |  -0.642113  |  +4.894827  |  +1.644347
8.650  |  -2.777808  |  +1.273843  |  -2.377075  |  +3.249386  |  +1.108657  |  -2.989684  |  -2.089622  |  -1.601215  |  +6.009843  |  +0.590729
8.675  |  -3.076705  |  +2.265834  |  -3.409034  |  +3.854318  |  +0.811219  |  -2.879641  |  -1.225702  |  -2.476686  |  +6.963842  |  -0.399086
8.700  |  -3.269316  |  +3.120879  |  -4.278891  |  +4.328220  |  +0.501445  |  -2.701705  |  -0.397559  |  -3.224146  |  +7.709767  |  -1.287962
8.725  |  -3.339675  |  +3.804871  |  -4.948668  |  +4.644262  |  +0.194986  |  -2.454570  |  +0.366507  |  -3.805329  |  +8.208585  |  -2.043996
8.750  |  -3.277097  |  +4.291926  |  -5.389460  |  +4.782203  |  -0.093552  |  -2.139368  |  +1.042783  |  -4.189874  |  +8.431117  |  -2.641824
8.775  |  -3.076781  |  +4.565513  |  -5.582720  |  +4.729441  |  -0.351224  |  -1.759732  |  +1.613116  |  -4.356729  |  +8.359466  |  -3.063638
8.800  |  -2.740148  |  +4.619147  |  -5.521088  |  +4.481726  |  -0.567266  |  -1.321749  |  +2.065596  |  -4.295130  |  +7.987938  |  -3.299858
8.825  |  -2.274891  |  +4.456616  |  -5.208700  |  +4.043490  |  -0.733492  |  -0.833811  |  +2.394924  |  -4.005087  |  +7.323440  |  -3.349450
8.850  |  -1.694730  |  +4.091740  |  -4.660988  |  +3.427776  |  -0.844555  |  -0.306358  |  +2.602443  |  -3.497377  |  +6.385317  |  -3.219860
8.875  |  -1.018893  |  +3.547664  |  -3.903959  |  +2.655775  |  -0.898066  |  +0.248466  |  +2.695841  |  -2.793027  |  +5.204651  |  -2.926573
8.900  |  -0.271333  |  +2.855724  |  -2.972995  |  +1.755991  |  -0.894557  |  +0.817238  |  +2.688541  |  -1.922320  |  +3.823029  |  -2.492326
8.925  |  +0.520279  |  +2.053933  |  -1.911231  |  +0.763055  |  -0.837311  |  +1.385742  |  +2.598814  |  -0.923377  |  +2.290856  |  -1.945992
8.950  |  +1.325739  |  +1.185163  |  -0.767577  |  -0.283735  |  -0.732053  |  +1.939496  |  +2.448657  |  +0.159630  |  +0.665270  |  -1.321208
8.975  |  +2.113624  |  +0.295103  |  +0.405521  |  -1.342103  |  -0.586535  |  +2.464301  |  +2.262497  |  +1.278539  |  -0.992246  |  -0.654784
9.000  |  +2.852670  |  -0.569908  |  +1.554482  |  -2.368622  |  -0.410027  |  +2.946778  |  +2.065783  |  +2.383446  |  -2.618442  |  +0.015013
9.025  |  +3.513159  |  -1.365079  |  +2.627036  |  -3.320611  |  -0.212749  |  +3.374886  |  +1.883548  |  +3.425029  |  -4.150973  |  +0.650242
9.050  |  +4.068243  |  -2.049288  |  +3.574619  |  -4.157997  |  -0.005268  |  +3.738379  |  +1.738991  |  +4.356837  |  -5.531028  |  +1.215046
9.075  |  +4.495152  |  -2.587033  |  +4.354587  |  -4.845075  |  +0.202103  |  +4.029202  |  +1.652178  |  +5.137451  |  -6.705814  |  +1.677318
9.100  |  +4.776222  |  -2.950118  |  +4.932173  |  -5.352079  |  +0.399882  |  +4.241792  |  +1.638903  |  +5.732400  |  -7.630780  |  +2.010187
9.125  |  +4.899707  |  -3.118998  |  +5.282067  |  -5.656488  |  +0.579930  |  +4.373279  |  +1.709776  |  +6.115750  |  -8.271488  |  +2.193269
9.150  |  +4.860325  |  -3.083715  |  +5.389578  |  -5.744012  |  +0.735883  |  +4.423581  |  +1.869592  |  +6.271303  |  -8.605044  |  +2.213632
9.175  |  +4.659521  |  -2.844393  |  +5.251300  |  -5.609220  |  +0.863481  |  +4.395371  |  +2.116992  |  +6.193327  |  -8.621027  |  +2.066410
9.200  |  +4.305428  |  -2.411255  |  +4.875271  |  -5.255768  |  +0.960771  |  +4.293948  |  +2.444460  |  +5.886807  |  -8.321881  |  +1.755064
9.225  |  +3.812531  |  -1.804165  |  +4.280601  |  -4.696223  |  +1.028181  |  +4.126984  |  +2.838635  |  +5.367195  |  -7.722753  |  +1.291262
9.250  |  +3.201048  |  -1.051722  |  +3.496597  |  -3.951500  |  +1.068464  |  +3.904182  |  +3.280935  |  +4.659669  |  -6.850775  |  +0.694393
9.275  |  +2.496048  |  -0.189930  |  +2.561422  |  -3.049924  |  +1.086506  |  +3.636853  |  +3.748466  |  +3.797945  |  -5.743841  |  -0.009273
9.300  |  +1.726362  |  +0.739469  |  +1.520350  |  -2.025965  |  +1.089019  |  +3.337424  |  +4.215168  |  +2.822687  |  -4.448920  |  -0.787734
9.325  |  +0.923316  |  +1.690957  |  +0.423690  |  -0.918713  |  +1.084128  |  +3.018911  |  +4.653137  |  +1.779598  |  -3.019985  |  -1.604667
9.350  |  +0.119355  |  +2.617369  |  -0.675514  |  +0.229856  |  +1.080877  |  +2.694367  |  +5.034077  |  +0.717284  |  -1.515654  |  -2.421041
9.375  |  -0.653382  |  +3.472126  |  -1.723911  |  +1.376718  |  +1.088679  |  +2.376344  |  +5.330792  |  -0.315029  |  +0.003352  |  -3.196851
9.400  |  -1.364469  |  +4.211442  |  -2.670283  |  +2.479688  |  +1.116736  |  +2.076381  |  +5.518651  |  -1.269785  |  +1.476834  |  -3.892913
9.425  |  -1.986524  |  +4.796421  |  -3.467896  |  +3.499246  |  +1.173460  |  +1.804543  |  +5.576967  |  -2.103323  |  +2.847684  |  -4.472625
9.450  |  -2.496402  |  +5.194935  |  -4.076636  |  +4.400231  |  +1.265933  |  +1.569039  |  +5.490195  |  -2.777908  |  +4.064305  |  -4.903625
9.475  |  -2.876189  |  +5.383200  |  -4.464848  |  +5.153329  |  +1.399419  |  +1.375923  |  +5.248913  |  -3.263482  |  +5.082763  |  -5.159274
9.500  |  -3.113960  |  +5.346981  |  -4.610790  |  +5.736276  |  +1.576963  |  +1.228903  |  +4.850518  |  -3.539061  |  +5.868591  |  -5.219893
9.525  |  -3.204260  |  +5.082352  |  -4.503636  |  +6.134732  |  +1.799106  |  +1.129257  |  +4.299611  |  -3.593694  |  +6.398147  |  -5.073702
9.550  |  -3.148297  |  +4.596002  |  -4.143976  |  +6.342791  |  +2.063716  |  +1.075861  |  +3.608039  |  -3.426957  |  +6.659492  |  -4.717425
9.575  |  -2.953817  |  +3.905038  |  -3.543801  |  +6.363089  |  +2.365957  |  +1.065331  |  +2.794592  |  -3.048949  |  +6.652732  |  -4.156528
9.600  |  -2.634693  |  +3.036321  |  -2.725968  |  +6.206532  |  +2.698396  |  +1.092267  |  +1.884362  |  -2.479798  |  +6.389826  |  -3.405078
9.625  |  -2.210226  |  +2.025341  |  -1.723170  |  +5.891630  |  +3.051247  |  +1.149582  |  +0.907792  |  -1.748682  |  +5.893868  |  -2.485242
9.650  |  -1.704199  |  +0.914696  |  -0.576461  |  +5.443498  |  +3.412744  |  +1.228918  |  -0.100548  |  -0.892440  |  +5.197872  |  -1.426426
9.675  |  -1.143731  |  -0.247766  |  +0.666602  |  +4.892554  |  +3.769615  |  +1.321103  |  -1.103402  |  +0.046193  |  +4.343137  |  -0.264117
9.700  |  -0.557976  |  -1.411055  |  +1.954103  |  +4.272983  |  +4.107660  |  +1.416651  |  -2.062427  |  +1.020627  |  +3.377243  |  +0.961546
9.725  |  +0.023275  |  -2.523308  |  +3.232112  |  +3.621037  |  +4.412380  |  +1.506261  |  -2.939863  |  +1.982635  |  +2.351792  |  +2.207390
9.750  |  +0.571008  |  -3.534101  |  +4.447116  |  +2.973258  |  +4.669649  |  +1.581312  |  -3.700219  |  +2.884666  |  +1.319990  |  +3.428961
9.775  |  +1.058370  |  -4.396727  |  +5.548425  |  +2.364701  |  +4.866380  |  +1.634308  |  -4.311877  |  +3.682115  |  +0.334174  |  +4.582327
9.800  |  +1.461949  |  -5.070299  |  +6.490446  |  +1.827242  |  +4.991174  |  +1.659267  |  -4.748555  |  +4.335473  |  -0.556589  |  +5.625856
9.825  |  +1.762891  |  -5.521625  |  +7.234718  |  +1.388057  |  +5.034898  |  +1.652037  |  -4.990546  |  +4.812228  |  -1.308740  |  +6.521894
9.850  |  +1.947802  |  -5.726726  |  +7.751621  |  +1.068329  |  +4.991180  |  +1.610509  |  -5.025681  |  +5.088452  |  -1.886188  |  +7.238276
9.875  |  +2.009399  |  -5.671966  |  +8.021668  |  +0.882263  |  +4.856792  |  +1.534730  |  -4.849973  |  +5.149983  |  -2.261913  |  +7.749595
9.900  |  +1.946863  |  -5.354713  |  +8.036345  |  +0.836436  |  +4.631898  |  +1.426907  |  -4.467901  |  +4.993146  |  -2.419136  |  +8.038192
9.925  |  +1.765903  |  -4.783519  |  +7.798435  |  +0.929525  |  +4.320158  |  +1.291305  |  -3.892316  |  +4.624987  |  -2.352018  |  +8.094815
9.950  |  +1.478491  |  -3.977796  |  +7.321832  |  +1.152420  |  +3.928673  |  +1.134032  |  -3.143981  |  +4.062996  |  -2.065838  |  +7.918923
9.975  |  +1.102320  |  -2.967014  |  +6.630847  |  +1.488715  |  +3.467783  |  +0.962734  |  -2.250753  |  +3.334342  |  -1.576662  |  +7.518637
10.000  |  +0.659970  |  -1.789447  |  +5.759038  |  +1.915559  |  +2.950715  |  +0.786215  |  -1.246443  |  +2.474634  |  -0.910520  |  +6.910320