Tempo  |   x001(t)   |   x002(t)   |   x003(t)   |   x004(t)   |   x005(t)   |   x006(t)   |   x007(t)   |   x008(t)   |   x009(t)   |   x010(t) 
0.000  |  -2.000000  |  -3.000000  |  -1.000000  |  -3.000000  |  -1.000000  |  -2.000000  |  -3.000000  |  -1.000000  |  -3.000000  |  -1.000000
0.025  |  -1.994678  |  -2.981620  |  -1.024903  |  -2.975098  |  -1.018374  |  -1.999378  |  -2.981004  |  -1.024902  |  -2.975085  |  -1.007145
0.050  |  -1.978606  |  -2.927162  |  -1.098447  |  -2.901553  |  -1.072735  |  -1.997541  |  -2.924807  |  -1.098446  |  -2.901347  |  -1.028078
0.075  |  -1.951474  |  -2.838642  |  -1.217195  |  -2.782804  |  -1.160834  |  -1.994583  |  -2.833749  |  -1.217193  |  -2.781767  |  -1.061312
0.100  |  -1.912802  |  -2.719314  |  -1.375590  |  -2.624400  |  -1.279034  |  -1.990651  |  -2.711616  |  -1.375578  |  -2.621163  |  -1.104459
0.125  |  -1.861997  |  -2.573518  |  -1.566203  |  -2.433758  |  -1.422465  |  -1.985944  |  -2.563474  |  -1.566160  |  -2.425972  |  -1.154345
0.150  |  -1.798423  |  -2.406474  |  -1.780070  |  -2.219814  |  -1.585237  |  -1.980702  |  -2.395452  |  -1.779946  |  -2.203963  |  -1.207177
0.175  |  -1.721484  |  -2.224043  |  -2.007090  |  -1.992616  |  -1.760694  |  -1.975196  |  -2.214466  |  -2.006786  |  -1.963885  |  -1.258741
0.200  |  -1.630718  |  -2.032445  |  -2.236479  |  -1.762869  |  -1.941707  |  -1.969717  |  -2.027928  |  -2.235822  |  -1.715076  |  -1.304613
0.225  |  -1.525886  |  -1.837979  |  -2.457254  |  -1.541432  |  -2.120976  |  -1.964561  |  -1.843413  |  -2.455968  |  -1.467042  |  -1.340403
0.250  |  -1.407062  |  -1.646729  |  -2.658718  |  -1.338829  |  -2.291348  |  -1.960017  |  -1.668336  |  -2.656392  |  -1.229034  |  -1.361978
0.275  |  -1.274714  |  -1.464290  |  -2.830943  |  -1.164753  |  -2.446122  |  -1.956356  |  -1.509625  |  -2.826997  |  -1.009632  |  -1.365693
0.300  |  -1.129757  |  -1.295511  |  -2.965204  |  -1.027622  |  -2.579334  |  -1.953814  |  -1.373421  |  -2.958861  |  -0.816368  |  -1.348589
0.325  |  -0.973603  |  -1.144290  |  -3.054365  |  -0.934181  |  -2.686010  |  -1.952586  |  -1.264812  |  -3.044633  |  -0.655394  |  -1.308568
0.350  |  -0.808170  |  -1.013409  |  -3.093196  |  -0.889184  |  -2.762370  |  -1.952811  |  -1.187609  |  -3.078851  |  -0.531211  |  -1.244525
0.375  |  -0.635871  |  -0.904425  |  -3.078590  |  -0.895162  |  -2.805981  |  -1.954569  |  -1.144186  |  -3.058185  |  -0.446480  |  -1.156435
0.400  |  -0.459579  |  -0.817630  |  -3.009700  |  -0.952288  |  -2.815849  |  -1.957874  |  -1.135376  |  -2.981577  |  -0.401916  |  -1.045386
0.425  |  -0.282554  |  -0.752069  |  -2.887961  |  -1.058355  |  -2.792446  |  -1.962665  |  -1.160435  |  -2.850294  |  -0.396274  |  -0.913564
0.450  |  -0.108351  |  -0.705624  |  -2.717015  |  -1.208849  |  -2.737670  |  -1.968816  |  -1.217079  |  -2.667868  |  -0.426417  |  -0.764179
0.475  |   0.059295  |  -0.675155  |  -2.502537  |  -1.397138  |  -2.654747  |  -1.976125  |  -1.301586  |  -2.439939  |  -0.487487  |  -0.601349
0.500  |   0.216606  |  -0.656698  |  -2.251970  |  -1.614746  |  -2.548062  |  -1.984326  |  -1.408954  |  -2.174012  |  -0.573137  |  -0.429928
0.525  |   0.359904  |  -0.645694  |  -1.974181  |  -1.851711  |  -2.422953  |  -1.993088  |  -1.533130  |  -1.879129  |  -0.675851  |  -0.255307
0.550  |   0.485763  |  -0.637265  |  -1.679056  |  -2.097019  |  -2.285453  |  -2.002027  |  -1.667269  |  -1.565475  |  -0.787300  |  -0.083178
0.575  |   0.591159  |  -0.626488  |  -1.377055  |  -2.339072  |  -2.142004  |  -2.010707  |  -1.804032  |  -1.243936  |  -0.898749  |   0.080715
0.600  |   0.673608  |  -0.608686  |  -1.078735  |  -2.566193  |  -1.999156  |  -2.018653  |  -1.935911  |  -0.925628  |  -1.001478  |   0.230832
0.625  |   0.731293  |  -0.579700  |  -0.794288  |  -2.767136  |  -1.863255  |  -2.025359  |  -2.055553  |  -0.621420  |  -1.087203  |   0.362091
0.650  |   0.763156  |  -0.536137  |  -0.533084  |  -2.931565  |  -1.740150  |  -2.030295  |  -2.156077  |  -0.341472  |  -1.148475  |   0.470104
0.675  |   0.768977  |  -0.475580  |  -0.303263  |  -3.050513  |  -1.634917  |  -2.032915  |  -2.231379  |  -0.094795  |  -1.179046  |   0.551380
0.700  |   0.749404  |  -0.396745  |  -0.111391  |  -3.116767  |  -1.551616  |  -2.032669  |  -2.276386  |   0.111117  |  -1.174177  |   0.603497
0.725  |   0.705959  |  -0.299586  |   0.037817  |  -3.125181  |  -1.493102  |  -2.029003  |  -2.287281  |   0.270603  |  -1.130872  |   0.625220
0.750  |   0.640996  |  -0.185326  |   0.141683  |  -3.072902  |  -1.460884  |  -2.021372  |  -2.261665  |   0.380058  |  -1.048042  |   0.616577
0.775  |   0.557631  |  -0.056434  |   0.199652  |  -2.959493  |  -1.455044  |  -2.009239  |  -2.198652  |   0.438068  |  -0.926568  |   0.578867
0.800  |   0.459626  |   0.083476  |   0.213284  |  -2.786952  |  -1.474227  |  -1.992084  |  -2.098910  |   0.445447  |  -0.769285  |   0.514619
0.825  |   0.351256  |   0.229798  |   0.186148  |  -2.559626  |  -1.515689  |  -1.969401  |  -1.964624  |   0.405176  |  -0.580863  |   0.427491
0.850  |   0.237133  |   0.377153  |   0.123620  |  -2.284022  |  -1.575410  |  -1.940709  |  -1.799396  |   0.322239  |  -0.367611  |   0.322116
0.875  |   0.122029  |   0.519641  |   0.032601  |  -1.968530  |  -1.648266  |  -1.905546  |  -1.608088  |   0.203384  |  -0.137200  |   0.203909
0.900  |   0.010674  |   0.651133  |  -0.078835  |  -1.623063  |  -1.728249  |  -1.863476  |  -1.396602  |   0.056798  |   0.101680  |   0.078828
0.925  |  -0.092437  |   0.765583  |  -0.201843  |  -1.258629  |  -1.808731  |  -1.814090  |  -1.171625  |  -0.108279  |   0.339709  |  -0.046889
0.950  |  -0.183239  |   0.857343  |  -0.327242  |  -0.886869  |  -1.882748  |  -1.757007  |  -0.940336  |  -0.281977  |   0.567364  |  -0.166999
0.975  |  -0.258271  |   0.921459  |  -0.445965  |  -0.519560  |  -1.943313  |  -1.691879  |  -0.710092  |  -0.454254  |   0.775349  |  -0.275533
1.000  |  -0.314826  |   0.953955  |  -0.549497  |  -0.168123  |  -1.983719  |  -1.618396  |  -0.488111  |  -0.615348  |   0.955029  |  -0.367068
1.025  |  -0.351069  |   0.952061  |  -0.630280  |   0.156855  |  -1.997842  |  -1.536290  |  -0.281160  |  -0.756218  |   1.098827  |  -0.436977
1.050  |  -0.366123  |   0.914400  |  -0.682078  |   0.446053  |  -1.980412  |  -1.445342  |  -0.095266  |  -0.868948  |   1.200582  |  -0.481638
1.075  |  -0.360105  |   0.841105  |  -0.700263  |   0.691792  |  -1.927252  |  -1.345390  |   0.064543  |  -0.947094  |   1.255843  |  -0.498609
1.100  |  -0.334124  |   0.733869  |  -0.682038  |   0.888341  |  -1.835474  |  -1.236338  |   0.194447  |  -0.985967  |   1.262091  |  -0.486746
1.125  |  -0.290229  |   0.595923  |  -0.626554  |   1.032123  |  -1.703612  |  -1.118167  |   0.291989  |  -0.982823  |   1.218866  |  -0.446263
1.150  |  -0.231316  |   0.431936  |  -0.534943  |   1.121841  |  -1.531708  |  -0.990941  |   0.356179  |  -0.936975  |   1.127812  |  -0.378735
1.175  |  -0.160997  |   0.247849  |  -0.410253  |   1.158488  |  -1.321318  |  -0.854826  |   0.387522  |  -0.849801  |   0.992626  |  -0.287035
1.200  |  -0.083430  |   0.050645  |  -0.257285  |   1.145268  |  -1.075471  |  -0.710089  |   0.387988  |  -0.724660  |   0.818905  |  -0.175216
1.225  |  -0.003124  |  -0.151940  |  -0.082351  |   1.087415  |  -0.798558  |  -0.557119  |   0.360911  |  -0.566715  |   0.613921  |  -0.048333
1.250  |   0.075273  |  -0.351739  |   0.107040  |   0.991934  |  -0.496162  |  -0.396428  |   0.310843  |  -0.382678  |   0.386308  |   0.087771
1.275  |   0.147197  |  -0.540509  |   0.302564  |   0.867253  |  -0.174847  |  -0.228657  |   0.243336  |  -0.180476  |   0.145693  |   0.226732
1.300  |   0.208391  |  -0.710295  |   0.495490  |   0.722836  |   0.158100  |  -0.054587  |   0.164702  |   0.031127  |  -0.097720  |   0.361940
1.325  |   0.255111  |  -0.853787  |   0.677121  |   0.568740  |   0.494950  |   0.124867  |   0.081725  |   0.242956  |  -0.333597  |   0.486848
1.350  |   0.284320  |  -0.964652  |   0.839223  |   0.415164  |   0.827833  |   0.308656  |   0.001365  |   0.445860  |  -0.551923  |   0.595260
1.375  |   0.293842  |  -1.037830  |   0.974443  |   0.271991  |   1.149039  |   0.495600  |  -0.069547  |   0.631156  |  -0.743440  |   0.681621
1.400  |   0.282486  |  -1.069775  |   1.076679  |   0.148358  |   1.451315  |   0.684400  |  -0.124611  |   0.791036  |  -0.900058  |   0.741279
1.425  |   0.250117  |  -1.058634  |   1.141393  |   0.052257  |   1.728133  |   0.873651  |  -0.158129  |   0.918948  |  -1.015203  |   0.770700
1.450  |   0.197691  |  -1.004341  |   1.165851  |  -0.009794  |   1.973933  |   1.061860  |  -0.165355  |   1.009908  |  -1.084109  |   0.767647
1.475  |   0.127223  |  -0.908648  |   1.149277  |  -0.033019  |   2.184315  |   1.247463  |  -0.142691  |   1.060741  |  -1.104023  |   0.731298
1.500  |   0.041721  |  -0.775056  |   1.092913  |  -0.014565  |   2.356186  |   1.428852  |  -0.087841  |   1.070243  |  -1.074321  |   0.662298
1.525  |  -0.054936  |  -0.608679  |   0.999988  |   0.046410  |   2.487854  |   1.604402  |   0.000100  |   1.039247  |  -0.996534  |   0.562757
1.550  |  -0.158167  |  -0.416025  |   0.875581  |   0.148731  |   2.579051  |   1.772501  |   0.120615  |   0.970595  |  -0.874267  |   0.436173
1.575  |  -0.262881  |  -0.204713  |   0.726408  |   0.289306  |   2.630913  |   1.931575  |   0.271792  |   0.869021  |  -0.713030  |   0.287299
1.600  |  -0.363706  |   0.016858  |   0.560523  |   0.463300  |   2.645888  |   2.080127  |   0.450422  |   0.740939  |  -0.519988  |   0.121954
1.625  |  -0.455235  |   0.239890  |   0.386953  |   0.664390  |   2.627602  |   2.216763  |   0.652136  |   0.594157  |  -0.303625  |  -0.053219
1.650  |  -0.532273  |   0.455578  |   0.215289  |   0.885085  |   2.580676  |   2.340225  |   0.871608  |   0.437529  |  -0.073355  |  -0.231026
1.675  |  -0.590083  |   0.655512  |   0.055241  |   1.117091  |   2.510503  |   2.449419  |   1.102784  |   0.280549  |   0.160908  |  -0.404026
1.700  |  -0.624611  |   0.832065  |  -0.083805  |   1.351706  |   2.423003  |   2.543441  |   1.339144  |   0.132921  |   0.389212  |  -0.564845
1.725  |  -0.632690  |   0.978743  |  -0.193233  |   1.580237  |   2.324362  |   2.621601  |   1.573981  |   0.004111  |   0.602023  |  -0.706491
1.750  |  -0.612205  |   1.090495  |  -0.265595  |   1.794393  |   2.220765  |   2.683440  |   1.800685  |  -0.097085  |   0.790665  |  -0.822653
1.775  |  -0.562205  |   1.163951  |  -0.294967  |   1.986668  |   2.118134  |   2.728744  |   2.013016  |  -0.162951  |   0.947726  |  -0.907971
1.800  |  -0.482978  |   1.197588  |  -0.277237  |   2.150676  |   2.021898  |   2.757557  |   2.205358  |  -0.187214  |   1.067398  |  -0.958264
1.825  |  -0.376060  |   1.191816  |  -0.210305  |   2.281422  |   1.936772  |   2.770178  |   2.372940  |  -0.165341  |   1.145759  |  -0.970715
1.850  |  -0.244190  |   1.148968  |  -0.094199  |   2.375517  |   1.866593  |   2.767164  |   2.512023  |  -0.094759  |   1.180954  |  -0.943990
1.875  |  -0.091215  |   1.073211  |   0.068912  |   2.431303  |   1.814186  |   2.749319  |   2.620025  |   0.025007  |   1.173290  |  -0.878293
1.900  |   0.078062  |   0.970362  |   0.274797  |   2.448900  |   1.781286  |   2.717684  |   2.695609  |   0.192294  |   1.125236  |  -0.775361
1.925  |   0.258079  |   0.847631  |   0.517342  |   2.430170  |   1.768514  |   2.673513  |   2.738702  |   0.403352  |   1.041313  |  -0.638387
1.950  |   0.442747  |   0.713299  |   0.788806  |   2.378597  |   1.775390  |   2.618251  |   2.750466  |   0.652495  |   0.927901  |  -0.471880
1.975  |   0.625709  |   0.576335  |   1.080165  |   2.299093  |   1.800417  |   2.553507  |   2.733209  |   0.932327  |   0.792947  |  -0.281471
2.000  |   0.800617  |   0.445989  |   1.381502  |   2.197741  |   1.841186  |   2.481021  |   2.690252  |   1.234054  |   0.645613  |  -0.073668
2.025  |   0.961409  |   0.331359  |   1.682442  |   2.081485  |   1.894540  |   2.402626  |   2.625750  |   1.547855  |   0.495855  |   0.144427
2.050  |   1.102583  |   0.240959  |   1.972614  |   1.957784  |   1.956752  |   2.320214  |   2.544483  |   1.863297  |   0.353966  |   0.365421
2.075  |   1.219441  |   0.182318  |   2.242103  |   1.834247  |   2.023734  |   2.235693  |   2.451625  |   2.169780  |   0.230098  |   0.581955
2.100  |   1.308305  |   0.161610  |   2.481887  |   1.718265  |   2.091255  |   2.150949  |   2.352495  |   2.456989  |   0.133793  |   0.787014
2.125  |   1.366693  |   0.183346  |   2.684231  |   1.616661  |   2.155153  |   2.067806  |   2.252316  |   2.715333  |   0.073526  |   0.974231
2.150  |   1.393436  |   0.250140  |   2.843024  |   1.535365  |   2.211550  |   1.987989  |   2.155977  |   2.936354  |   0.056300  |   1.138152
2.175  |   1.388741  |   0.362553  |   2.954035  |   1.479147  |   2.257036  |   1.913088  |   2.067825  |   3.113082  |   0.087299  |   1.274469
2.200  |   1.354198  |   0.519035  |   3.015093  |   1.451396  |   2.288833  |   1.844522  |   1.991482  |   3.240326  |   0.169621  |   1.380191
2.225  |   1.292712  |   0.715955  |   3.026166  |   1.453979  |   2.304926  |   1.783514  |   1.929704  |   3.314892  |   0.304100  |   1.453758
2.250  |   1.208391  |   0.947733  |   2.989337  |   1.487169  |   2.304145  |   1.731065  |   1.884286  |   3.335705  |   0.489227  |   1.495095
2.275  |   1.106367  |   1.207057  |   2.908700  |   1.549651  |   2.286216  |   1.687937  |   1.856014  |   3.303841  |   0.721174  |   1.505591
2.300  |   0.992571  |   1.485176  |   2.790145  |   1.638603  |   2.251760  |   1.654634  |   1.844670  |   3.222468  |   0.993920  |   1.488017
2.325  |   0.873475  |   1.772271  |   2.641076  |   1.749855  |   2.202249  |   1.631404  |   1.849080  |   3.096690  |   1.299477  |   1.446373
2.350  |   0.755799  |   2.057870  |   2.470056  |   1.878105  |   2.139929  |   1.618230  |   1.867221  |   2.933311  |   1.628197  |   1.385691
2.375  |   0.646207  |   2.331295  |   2.286398  |   2.017187  |   2.067694  |   1.614840  |   1.896352  |   2.740528  |   1.969163  |   1.311778
2.400  |   0.551003  |   2.582131  |   2.099728  |   2.160384  |   1.988943  |   1.620717  |   1.933190  |   2.527555  |   2.310632  |   1.230930
2.425  |   0.475838  |   2.800675  |   1.919535  |   2.300758  |   1.907408  |   1.635122  |   1.974108  |   2.304221  |   2.640519  |   1.149625
2.450  |   0.425439  |   2.978370  |   1.754725  |   2.431497  |   1.826967  |   1.657111  |   2.015340  |   2.080525  |   2.946900  |   1.074197
2.475  |   0.403383  |   3.108181  |   1.613214  |   2.546238  |   1.751456  |   1.685572  |   2.053196  |   1.866203  |   3.218508  |   1.010530
2.500  |   0.411916  |   3.184913  |   1.501564  |   2.639381  |   1.684485  |   1.719255  |   2.084273  |   1.670304  |   3.445208  |   0.963759
2.525  |   0.451826  |   3.205445  |   1.424680  |   2.706355  |   1.629263  |   1.756811  |   2.105635  |   1.500797  |   3.618424  |   0.938009
2.550  |   0.522385  |   3.168880  |   1.385597  |   2.743834  |   1.588449  |   1.796835  |   2.114979  |   1.364233  |   3.731496  |   0.936185
2.575  |   0.621356  |   3.076590  |   1.385346  |   2.749891  |   1.564027  |   1.837904  |   2.110763  |   1.265476  |   3.779969  |   0.959808
2.600  |   0.745064  |   2.932165  |   1.422923  |   2.724081  |   1.557212  |   1.878624  |   2.092287  |   1.207507  |   3.761775  |   1.008921
2.625  |   0.888538  |   2.741264  |   1.495347  |   2.667458  |   1.568402  |   1.917672  |   2.059734  |   1.191313  |   3.677325  |   1.082063
2.650  |   1.045707  |   2.511378  |   1.597818  |   2.582508  |   1.597160  |   1.953835  |   2.014164  |   1.215876  |   3.529486  |   1.176304
2.675  |   1.209647  |   2.251500  |   1.723955  |   2.473027  |   1.642238  |   1.986049  |   1.957462  |   1.278243  |   3.323464  |   1.287363
2.700  |   1.372877  |   1.971740  |   1.866114  |   2.343922  |   1.701639  |   2.013428  |   1.892234  |   1.373682  |   3.066584  |   1.409779
2.725  |   1.527672  |   1.682882  |   2.015759  |   2.200967  |   1.772716  |   2.035294  |   1.821674  |   1.495927  |   2.767974  |   1.537143
2.750  |   1.666398  |   1.395917  |   2.163878  |   2.050518  |   1.852292  |   2.051198  |   1.749394  |   1.637480  |   2.438185  |   1.662379
2.775  |   1.781849  |   1.121559  |   2.301423  |   1.899198  |   1.936816  |   2.060927  |   1.679230  |   1.789970  |   2.088747  |   1.778055
2.800  |   1.867560  |   0.869780  |   2.419748  |   1.753573  |   2.022518  |   2.064515  |   1.615037  |   1.944549  |   1.731683  |   1.876722
2.825  |   1.918106  |   0.649371  |   2.511023  |   1.619827  |   2.105588  |   2.062233  |   1.560472  |   2.092305  |   1.379007  |   1.951254
2.850  |   1.929347  |   0.467565  |   2.568622  |   1.503467  |   2.182346  |   2.054579  |   1.518797  |   2.224672  |   1.042231  |   1.995185
2.875  |   1.898626  |   0.329718  |   2.587439  |   1.409052  |   2.249401  |   2.042254  |   1.492686  |   2.333825  |   0.731886  |   2.003021
2.900  |   1.824909  |   0.239087  |   2.564143  |   1.339970  |   2.303807  |   2.026132  |   1.484068  |   2.413031  |   0.457100  |   1.970510
2.925  |   1.708849  |   0.196688  |   2.497337  |   1.298281  |   2.343177  |   2.007226  |   1.494000  |   2.456955  |   0.225231  |   1.894873
2.950  |   1.552784  |   0.201273  |   2.387641  |   1.284616  |   2.365792  |   1.986639  |   1.522581  |   2.461888  |   0.041591  |   1.774966
2.975  |   1.360664  |   0.249389  |   2.237662  |   1.298148  |   2.370654  |   1.965516  |   1.568920  |   2.425908  |  -0.090753  |   1.611378
3.000  |   1.137906  |   0.335553  |   2.051880  |   1.336638  |   2.357526  |   1.944997  |   1.631138  |   2.348948  |  -0.171066  |   1.406457
3.025  |   0.891188  |   0.452509  |   1.836446  |   1.396545  |   2.326920  |   1.926154  |   1.706436  |   2.232789  |  -0.200934  |   1.164263
3.050  |   0.628189  |   0.591570  |   1.598890  |   1.473197  |   2.280059  |   1.909949  |   1.791195  |   2.080951  |  -0.184151  |   0.890443
3.075  |   0.357279  |   0.743027  |   1.347775  |   1.561029  |   2.218804  |   1.897174  |   1.881126  |   1.898523  |  -0.126508  |   0.592040
3.100  |   0.087189  |   0.896594  |   1.092295  |   1.653845  |   2.145551  |   1.888408  |   1.971453  |   1.691903  |  -0.035499  |   0.277247
3.125  |  -0.173341  |   1.041894  |   0.841841  |   1.745130  |   2.063106  |   1.883979  |   2.057121  |   1.468494  |   0.080053  |  -0.044901
3.150  |  -0.415920  |   1.168941  |   0.605561  |   1.828362  |   1.974543  |   1.883932  |   2.133021  |   1.236345  |   0.210414  |  -0.364864
3.175  |  -0.632843  |   1.268604  |   0.391931  |   1.897331  |   1.883052  |   1.888006  |   2.194230  |   1.003771  |   0.345411  |  -0.672964
3.200  |  -0.817400  |   1.333038  |   0.208350  |   1.946448  |   1.791780  |   1.895625  |   2.236229  |   0.778962  |   0.474903  |  -0.959757
3.225  |  -0.964150  |   1.356057  |   0.060795  |   1.971009  |   1.703678  |   1.905901  |   2.255125  |   0.569595  |   0.589255  |  -1.216402
3.250  |  -1.069136  |   1.333422  |  -0.046469  |   1.967433  |   1.621367  |   1.917647  |   2.247832  |   0.382486  |   0.679788  |  -1.435009
3.275  |  -1.130036  |   1.263058  |  -0.111083  |   1.933433  |   1.547008  |   1.929406  |   2.212225  |   0.223270  |   0.739175  |  -1.608945
3.300  |  -1.146254  |   1.145158  |  -0.132716  |   1.868131  |   1.482203  |   1.939489  |   2.147249  |   0.096150  |   0.761780  |  -1.733101
3.325  |  -1.118925  |   0.982190  |  -0.113078  |   1.772106  |   1.427927  |   1.946027  |   2.052981  |   0.003710  |   0.743913  |  -1.804086
3.350  |  -1.050861  |   0.778806  |  -0.055841  |   1.647362  |   1.384480  |   1.947031  |   1.930639  |  -0.053190  |   0.683996  |  -1.820366
3.375  |  -0.946416  |   0.541638  |   0.033534  |   1.497241  |   1.351484  |   1.940458  |   1.782538  |  -0.075440  |   0.582636  |  -1.782318
3.400  |  -0.811294  |   0.279018  |   0.148053  |   1.326258  |   1.327898  |   1.924288  |   1.611998  |  -0.065619  |   0.442591  |  -1.692216
3.425  |  -0.652295  |   0.000608  |   0.279523  |   1.139889  |   1.312076  |   1.896596  |   1.423206  |  -0.027856  |   0.268643  |  -1.554136
3.450  |  -0.477021  |  -0.283023  |   0.418942  |   0.944306  |   1.301845  |   1.855631  |   1.221030  |   0.032384  |   0.067375  |  -1.373796
3.475  |  -0.293546  |  -0.560868  |   0.556926  |   0.746081  |   1.294612  |   1.799888  |   1.010808  |   0.108579  |  -0.153129  |  -1.158321
3.500  |  -0.110075  |  -0.821977  |   0.684162  |   0.551866  |   1.287483  |   1.728174  |   0.798113  |   0.193478  |  -0.383659  |  -0.915965
3.525  |   0.065405  |  -1.055942  |   0.791856  |   0.368077  |   1.277401  |   1.639667  |   0.588506  |   0.279460  |  -0.614302  |  -0.655782
3.550  |   0.225463  |  -1.253366  |   0.872156  |   0.200579  |   1.261286  |   1.533959  |   0.387283  |   0.358917  |  -0.834894  |  -0.387275
3.575  |   0.363529  |  -1.406291  |   0.918540  |   0.054400  |   1.236174  |   1.411095  |   0.199244  |   0.424634  |  -1.035491  |  -0.120018
3.600  |   0.474162  |  -1.508555  |   0.926133  |  -0.066510  |   1.199356  |   1.271584  |   0.028480  |   0.470143  |  -1.206826  |   0.136702
3.625  |   0.553267  |  -1.556073  |   0.891958  |  -0.159478  |   1.148494  |   1.116400  |  -0.121811  |   0.490054  |  -1.340738  |   0.374246
3.650  |   0.598250  |  -1.547034  |   0.815091  |  -0.223237  |   1.081725  |   0.946969  |  -0.249463  |   0.480325  |  -1.430551  |   0.584941
3.675  |   0.608106  |  -1.481984  |   0.696718  |  -0.257995  |   0.997742  |   0.765129  |  -0.353425  |   0.438467  |  -1.471389  |   0.762360
3.700  |   0.583439  |  -1.363817  |   0.540106  |  -0.265427  |   0.895847  |   0.573084  |  -0.433806  |   0.363682  |  -1.460413  |   0.901544
3.725  |   0.526407  |  -1.197651  |   0.350455  |  -0.248601  |   0.775979  |   0.373337  |  -0.491853  |   0.256912  |  -1.396962  |   0.999167
3.750  |   0.440599  |  -0.990616  |   0.134675  |  -0.211833  |   0.638710  |   0.168612  |  -0.529877  |   0.120808  |  -1.282604  |   1.053621
3.775  |   0.330860  |  -0.751544  |  -0.098931  |  -0.160482  |   0.485217  |  -0.038234  |  -0.551131  |  -0.040383  |  -1.121089  |   1.065042
3.800  |   0.203048  |  -0.490590  |  -0.341046  |  -0.100698  |   0.317226  |  -0.244305  |  -0.559638  |  -0.221016  |  -0.918198  |   1.035254
3.825  |   0.063755  |  -0.218790  |  -0.581772  |  -0.039120  |   0.136933  |  -0.446764  |  -0.559983  |  -0.414304  |  -0.681513  |   0.967649
3.850  |  -0.079994  |   0.052415  |  -0.811096  |   0.017440  |  -0.053089  |  -0.642927  |  -0.557078  |  -0.612638  |  -0.420103  |   0.867005
3.875  |  -0.221074  |   0.311678  |  -1.019359  |   0.062328  |  -0.250003  |  -0.830356  |  -0.555906  |  -0.807951  |  -0.144143  |   0.739244
3.900  |  -0.352581  |   0.548229  |  -1.197724  |   0.089377  |  -0.450823  |  -1.006942  |  -0.561265  |  -0.992099  |   0.135510  |   0.591156
3.925  |  -0.468147  |   0.752347  |  -1.338598  |   0.093206  |  -0.652535  |  -1.170975  |  -0.577515  |  -1.157262  |   0.407773  |   0.430088
3.950  |  -0.562225  |   0.915767  |  -1.436011  |   0.069494  |  -0.852211  |  -1.321197  |  -0.608349  |  -1.296319  |   0.661802  |   0.263610
3.975  |  -0.630333  |   1.032035  |  -1.485917  |   0.015198  |  -1.047122  |  -1.456841  |  -0.656591  |  -1.403208  |   0.887446  |   0.099193
4.000  |  -0.669255  |   1.096772  |  -1.486409  |  -0.071287  |  -1.234827  |  -1.577647  |  -0.724040  |  -1.473231  |   1.075667  |  -0.056116
4.025  |  -0.677174  |   1.107850  |  -1.437844  |  -0.190032  |  -1.413249  |  -1.683856  |  -0.811360  |  -1.503303  |   1.218915  |  -0.195986
4.050  |  -0.653747  |   1.065462  |  -1.342854  |  -0.339554  |  -1.580735  |  -1.776189  |  -0.918023  |  -1.492125  |   1.311437  |  -0.315056
4.075  |  -0.600111  |   0.972090  |  -1.206266  |  -0.516868  |  -1.736087  |  -1.855797  |  -1.042317  |  -1.440278  |   1.349499  |  -0.409150
4.100  |  -0.518822  |   0.832377  |  -1.034906  |  -0.717608  |  -1.878569  |  -1.924197  |  -1.181411  |  -1.350230  |   1.331537  |  -0.475422
4.125  |  -0.413731  |   0.652891  |  -0.837320  |  -0.936221  |  -2.007898  |  -1.983194  |  -1.331472  |  -1.226258  |   1.258193  |  -0.512454
4.150  |  -0.289802  |   0.441812  |  -0.623415  |  -1.166207  |  -2.124208  |  -2.034783  |  -1.487840  |  -1.074283  |   1.132276  |  -0.520279
4.175  |  -0.152880  |   0.208547  |  -0.404022  |  -1.400418  |  -2.227992  |  -2.081050  |  -1.645244  |  -0.901623  |   0.958617  |  -0.500347
4.200  |  -0.009425  |  -0.036709  |  -0.190429  |  -1.631380  |  -2.320038  |  -2.124059  |  -1.798057  |  -0.716695  |   0.743844  |  -0.455421
4.225  |   0.133782  |  -0.283447  |   0.006122  |  -1.851638  |  -2.401344  |  -2.165750  |  -1.940565  |  -0.528644  |   0.496082  |  -0.389427
4.250  |   0.269949  |  -0.521324  |   0.174939  |  -2.054098  |  -2.473033  |  -2.207832  |  -2.067256  |  -0.346949  |   0.224590  |  -0.307246
4.275  |   0.392574  |  -0.740638  |   0.306354  |  -2.232361  |  -2.536261  |  -2.251692  |  -2.173099  |  -0.181003  |  -0.060645  |  -0.214474
4.300  |   0.495733  |  -0.932768  |   0.392170  |  -2.381016  |  -2.592136  |  -2.298315  |  -2.253812  |  -0.039699  |  -0.349340  |  -0.117149
4.325  |   0.574346  |  -1.090567  |   0.426033  |  -2.495902  |  -2.641630  |  -2.348223  |  -2.306091  |   0.068974  |  -0.631359  |  -0.021469
4.350  |   0.624390  |  -1.208673  |   0.403734  |  -2.574299  |  -2.685522  |  -2.401439  |  -2.327809  |   0.138289  |  -0.897139  |   0.066494
4.375  |   0.643073  |  -1.283755  |   0.323405  |  -2.615069  |  -2.724340  |  -2.457466  |  -2.318150  |   0.163094  |  -1.138085  |   0.141076
4.400  |   0.628947  |  -1.314647  |   0.185628  |  -2.618704  |  -2.758334  |  -2.515302  |  -2.277697  |   0.140045  |  -1.346926  |   0.197266
4.425  |   0.581958  |  -1.302394  |  -0.006576  |  -2.587318  |  -2.787456  |  -2.573472  |  -2.208448  |   0.067779  |  -1.517994  |   0.230935
4.450  |   0.503436  |  -1.250188  |  -0.247864  |  -2.524551  |  -2.811370  |  -2.630088  |  -2.113762  |  -0.053024  |  -1.647439  |   0.239006
4.475  |   0.396018  |  -1.163208  |  -0.530786  |  -2.435403  |  -2.829481  |  -2.682933  |  -1.998251  |  -0.219646  |  -1.733358  |   0.219584
4.500  |   0.263515  |  -1.048372  |  -0.846098  |  -2.326008  |  -2.840976  |  -2.729561  |  -1.867597  |  -0.427442  |  -1.775831  |   0.172028
4.525  |   0.110729  |  -0.913999  |  -1.183157  |  -2.203349  |  -2.844887  |  -2.767417  |  -1.728323  |  -0.670029  |  -1.776878  |   0.096967
4.550  |  -0.056781  |  -0.769421  |  -1.530372  |  -2.074933  |  -2.840162  |  -2.793964  |  -1.587521  |  -0.939554  |  -1.740320  |  -0.003745
4.575  |  -0.232951  |  -0.624533  |  -1.875704  |  -1.948440  |  -2.825751  |  -2.806814  |  -1.452534  |  -1.227031  |  -1.671570  |  -0.127123
4.600  |  -0.411499  |  -0.489333  |  -2.207181  |  -1.831366  |  -2.800688  |  -2.803864  |  -1.330636  |  -1.522717  |  -1.577353  |  -0.269195
4.625  |  -0.586212  |  -0.373440  |  -2.513417  |  -1.730662  |  -2.764176  |  -2.783422  |  -1.228692  |  -1.816540  |  -1.465367  |  -0.425192
4.650  |  -0.751223  |  -0.285649  |  -2.784093  |  -1.652406  |  -2.715672  |  -2.744317  |  -1.152840  |  -2.098520  |  -1.343917  |  -0.589763
4.675  |  -0.901272  |  -0.233501  |  -3.010405  |  -1.601513  |  -2.654948  |  -2.685995  |  -1.108192  |  -2.359206  |  -1.221513  |  -0.757222
4.700  |  -1.031940  |  -0.222936  |  -3.185431  |  -1.581488  |  -2.582158  |  -2.608590  |  -1.098574  |  -2.590069  |  -1.106478  |  -0.921798
4.725  |  -1.139833  |  -0.257992  |  -3.304424  |  -1.594256  |  -2.497868  |  -2.512970  |  -1.126328  |  -2.783873  |  -1.006558  |  -1.077885
4.750  |  -1.222721  |  -0.340614  |  -3.365000  |  -1.640057  |  -2.403082  |  -2.400745  |  -1.192160  |  -2.934968  |  -0.928578  |  -1.220289
4.775  |  -1.279618  |  -0.470543  |  -3.367225  |  -1.717420  |  -2.299239  |  -2.274257  |  -1.295076  |  -3.039528  |  -0.878128  |  -1.344441
4.800  |  -1.310803  |  -0.645312  |  -3.313591  |  -1.823218  |  -2.188191  |  -2.136518  |  -1.432379  |  -3.095696  |  -0.859326  |  -1.446588
4.825  |  -1.317783  |  -0.860341  |  -3.208882  |  -1.952801  |  -2.072155  |  -1.991136  |  -1.599752  |  -3.103643  |  -0.874644  |  -1.523939
4.850  |  -1.303192  |  -1.109124  |  -3.059943  |  -2.100199  |  -1.953658  |  -1.842198  |  -1.791407  |  -3.065540  |  -0.924805  |  -1.574764
4.875  |  -1.270644  |  -1.383512  |  -2.875354  |  -2.258392  |  -1.835449  |  -1.694136  |  -2.000307  |  -2.985432  |  -1.008776  |  -1.598452
4.900  |  -1.224535  |  -1.674060  |  -2.665024  |  -2.419628  |  -1.720411  |  -1.551566  |  -2.218446  |  -2.869039  |  -1.123829  |  -1.595509
4.925  |  -1.169809  |  -1.970440  |  -2.439737  |  -2.575782  |  -1.611452  |  -1.419117  |  -2.437183  |  -2.723470  |  -1.265685  |  -1.567509
4.950  |  -1.111701  |  -2.261886  |  -2.210652  |  -2.718732  |  -1.511405  |  -1.301253  |  -2.647596  |  -2.556889  |  -1.428723  |  -1.517004
4.975  |  -1.055467  |  -2.537671  |  -1.988789  |  -2.840739  |  -1.422913  |  -1.202092  |  -2.840873  |  -2.378122  |  -1.606254  |  -1.447382
5.000  |  -1.006110  |  -2.787562  |  -1.784534  |  -2.934819  |  -1.348326  |  -1.125234  |  -3.008686  |  -2.196248  |  -1.790832  |  -1.362697
5.025  |  -0.968126  |  -3.002274  |  -1.607159  |  -2.995077  |  -1.289612  |  -1.073601  |  -3.143571  |  -2.020175  |  -1.974600  |  -1.267469
5.050  |  -0.945264  |  -3.173861  |  -1.464410  |  -3.017002  |  -1.248271  |  -1.049308  |  -3.239255  |  -1.858223  |  -2.149655  |  -1.166474
5.075  |  -0.940336  |  -3.296062  |  -1.362160  |  -2.997694  |  -1.225274  |  -1.053548  |  -3.290951  |  -1.717749  |  -2.308398  |  -1.064516
5.100  |  -0.955060  |  -3.364555  |  -1.304149  |  -2.936028  |  -1.221021  |  -1.086526  |  -3.295586  |  -1.604805  |  -2.443882  |  -0.966209
5.125  |  -0.989965  |  -3.377142  |  -1.291828  |  -2.832733  |  -1.235320  |  -1.147415  |  -3.251961  |  -1.523868  |  -2.550108  |  -0.875774
5.150  |  -1.044343  |  -3.333816  |  -1.324302  |  -2.690393  |  -1.267386  |  -1.234368  |  -3.160826  |  -1.477641  |  -2.622291  |  -0.796853
5.175  |  -1.116273  |  -3.236750  |  -1.398391  |  -2.513359  |  -1.315874  |  -1.344556  |  -3.024879  |  -1.466938  |  -2.657051  |  -0.732358
5.200  |  -1.202695  |  -3.090178  |  -1.508789  |  -2.307585  |  -1.378921  |  -1.474256  |  -2.848670  |  -1.490660  |  -2.652551  |  -0.684350
5.225  |  -1.299538  |  -2.900185  |  -1.648321  |  -2.080387  |  -1.454217  |  -1.618975  |  -2.638438  |  -1.545861  |  -2.608553  |  -0.653968
5.250  |  -1.401907  |  -2.674418  |  -1.808299  |  -1.840143  |  -1.539089  |  -1.773601  |  -2.401853  |  -1.627899  |  -2.526409  |  -0.641394
5.275  |  -1.504300  |  -2.421731  |  -1.978926  |  -1.595931  |  -1.630600  |  -1.932590  |  -2.147713  |  -1.730668  |  -2.408966  |  -0.645871
5.300  |  -1.600864  |  -2.151775  |  -2.149773  |  -1.357151  |  -1.725661  |  -2.090169  |  -1.885575  |  -1.846897  |  -2.260424  |  -0.665752
5.325  |  -1.685666  |  -1.874556  |  -2.310271  |  -1.133109  |  -1.821135  |  -2.240552  |  -1.625354  |  -1.968510  |  -2.086113  |  -0.698602
5.350  |  -1.752968  |  -1.599987  |  -2.450216  |  -0.932613  |  -1.913958  |  -2.378160  |  -1.376902  |  -2.087016  |  -1.892244  |  -0.741326
5.375  |  -1.797507  |  -1.337442  |  -2.560256  |  -0.763584  |  -2.001244  |  -2.497837  |  -1.149585  |  -2.193923  |  -1.685604  |  -0.790324
5.400  |  -1.814742  |  -1.095347  |  -2.632334  |  -0.632705  |  -2.080381  |  -2.595053  |  -0.951880  |  -2.281155  |  -1.473245  |  -0.841677
5.425  |  -1.801079  |  -0.880809  |  -2.660083  |  -0.545114  |  -2.149117  |  -2.666082  |  -0.791002  |  -2.341444  |  -1.262159  |  -0.891330
5.450  |  -1.754055  |  -0.699325  |  -2.639130  |  -0.504165  |  -2.205631  |  -2.708147  |  -0.672586  |  -2.368691  |  -1.058967  |  -0.935285
5.475  |  -1.672471  |  -0.554555  |  -2.567315  |  -0.511274  |  -2.248579  |  -2.719540  |  -0.600436  |  -2.358266  |  -0.869628  |  -0.969793
5.500  |  -1.556468  |  -0.448191  |  -2.444809  |  -0.565830  |  -2.277119  |  -2.699684  |  -0.576346  |  -2.307248  |  -0.699187  |  -0.991517
5.525  |  -1.407546  |  -0.379919  |  -2.274120  |  -0.665208  |  -2.290926  |  -2.649163  |  -0.600013  |  -2.214579  |  -0.551573  |  -0.997687
5.550  |  -1.228524  |  -0.347477  |  -2.059990  |  -0.804862  |  -2.290169  |  -2.569696  |  -0.669036  |  -2.081130  |  -0.429450  |  -0.986219
5.575  |  -1.023439  |  -0.346804  |  -1.809196  |  -0.978503  |  -2.275476  |  -2.464069  |  -0.779011  |  -1.909685  |  -0.334133  |  -0.955802
5.600  |  -0.797392  |  -0.372272  |  -1.530247  |  -1.178350  |  -2.247885  |  -2.336024  |  -0.923704  |  -1.704824  |  -0.265575  |  -0.905944
5.625  |  -0.556348  |  -0.416996  |  -1.233005  |  -1.395449  |  -2.208772  |  -2.190102  |  -1.095316  |  -1.472732  |  -0.222412  |  -0.836992
5.650  |  -0.306899  |  -0.473199  |  -0.928239  |  -1.620040  |  -2.159769  |  -2.031458  |  -1.284812  |  -1.220922  |  -0.202076  |  -0.750096
5.675  |  -0.055995  |  -0.532617  |  -0.627143  |  -1.841963  |  -2.102680  |  -1.865646  |  -1.482299  |  -0.957902  |  -0.200963  |  -0.647155
5.700  |   0.189335  |  -0.586934  |  -0.340819  |  -2.051073  |  -2.039383  |  -1.698387  |  -1.677457  |  -0.692794  |  -0.214647  |  -0.530717
5.725  |   0.422269  |  -0.628206  |  -0.079773  |  -2.237668  |  -1.971740  |  -1.535329  |  -1.859978  |  -0.434912  |  -0.238132  |  -0.403861
5.750  |   0.636463  |  -0.649274  |   0.146563  |  -2.392884  |  -1.901511  |  -1.381808  |  -2.020014  |  -0.193342  |  -0.266129  |  -0.270054
5.775  |   0.826302  |  -0.644141  |   0.330277  |  -2.509062  |  -1.830276  |  -1.242626  |  -2.148603  |   0.023474  |  -0.293336  |  -0.132994
5.800  |   0.987124  |  -0.608281  |   0.465335  |  -2.580061  |  -1.759363  |  -1.121837  |  -2.238060  |   0.208136  |  -0.314721  |   0.003549
5.825  |   1.115389  |  -0.538890  |   0.547871  |  -2.601505  |  -1.689800  |  -1.022584  |  -2.282314  |   0.354623  |  -0.325783  |   0.135892
5.850  |   1.208807  |  -0.435045  |   0.576369  |  -2.570958  |  -1.622277  |  -0.946951  |  -2.277172  |   0.458576  |  -0.322786  |   0.260593
5.875  |   1.266406  |  -0.297775  |   0.551750  |  -2.488006  |  -1.557125  |  -0.895878  |  -2.220507  |   0.517512  |  -0.302946  |   0.374584
5.900  |   1.288544  |  -0.130040  |   0.477336  |  -2.354266  |  -1.494320  |  -0.869114  |  -2.112358  |   0.530937  |  -0.264568  |   0.475282
5.925  |   1.276860  |   0.063392  |   0.358714  |  -2.173298  |  -1.433495  |  -0.865226  |  -1.954926  |   0.500388  |  -0.207133  |   0.560678
5.950  |   1.234173  |   0.276148  |   0.203494  |  -1.950441  |  -1.373975  |  -0.881651  |  -1.752486  |   0.429363  |  -0.131316  |   0.629394
5.975  |   1.164325  |   0.500533  |   0.020973  |  -1.692572  |  -1.314822  |  -0.914805  |  -1.511205  |   0.323176  |  -0.038945  |   0.680705
6.000  |   1.071989  |   0.727888  |  -0.178276  |  -1.407800  |  -1.254892  |  -0.960235  |  -1.238873  |   0.188719  |   0.067096  |   0.714540
6.025  |   0.962435  |   0.948988  |  -0.382876  |  -1.105116  |  -1.192906  |  -1.012803  |  -0.944570  |   0.034156  |   0.183020  |   0.731438
6.050  |   0.841283  |   1.154475  |  -0.581160  |  -0.794003  |  -1.127513  |  -1.066905  |  -0.638270  |  -0.131443  |   0.304334  |   0.732491
6.075  |   0.714237  |   1.335303  |  -0.761689  |  -0.484029  |  -1.057371  |  -1.116714  |  -0.330409  |  -0.298514  |   0.426075  |   0.719256
6.100  |   0.586825  |   1.483174  |  -0.913776  |  -0.184450  |  -0.981211  |  -1.156431  |  -0.031429  |  -0.457431  |   0.543064  |   0.693653
6.125  |   0.464156  |   1.590944  |  -1.027966  |   0.096184  |  -0.897906  |  -1.180532  |   0.248675  |  -0.598942  |   0.650176  |   0.657847
6.150  |   0.350694  |   1.652975  |  -1.096472  |   0.350372  |  -0.806526  |  -1.184014  |   0.500788  |  -0.714594  |   0.742602  |   0.614128
6.175  |   0.250079  |   1.665433  |  -1.113531  |   0.571965  |  -0.706386  |  -1.162612  |   0.717079  |  -0.797118  |   0.816104  |   0.564794
6.200  |   0.164982  |   1.626493  |  -1.075673  |   0.756402  |  -0.597078  |  -1.112991  |   0.891333  |  -0.840760  |   0.867233  |   0.512034
6.225  |   0.097016  |   1.536464  |  -0.981893  |   0.900875  |  -0.478495  |  -1.032898  |   1.019225  |  -0.841551  |   0.893509  |   0.457831
6.250  |   0.046701  |   1.397811  |  -0.833702  |   1.004410  |  -0.350834  |  -0.921262  |   1.098508  |  -0.797488  |   0.893564  |   0.403881
6.275  |   0.013480  |   1.215086  |  -0.635080  |   1.067874  |  -0.214589  |  -0.778260  |   1.129103  |  -0.708633  |   0.867211  |   0.351529
6.300  |  -0.004203  |   0.994759  |  -0.392307  |   1.093892  |  -0.070533  |  -0.605309  |   1.113102  |  -0.577109  |   0.815475  |   0.301738
6.325  |  -0.008785  |   0.744961  |  -0.113696  |   1.086692  |   0.080314  |  -0.405025  |   1.054668  |  -0.407014  |   0.740549  |   0.255074
6.350  |  -0.003412  |   0.475151  |   0.190762  |   1.051877  |   0.236728  |  -0.181117  |   0.959852  |  -0.204235  |   0.645702  |   0.211725
6.375  |   0.008259  |   0.195725  |   0.509837  |   0.996144  |   0.397330  |   0.061762  |   0.836314  |   0.023815  |   0.535127  |   0.171534
6.400  |   0.022289  |  -0.082429  |   0.831545  |   0.926951  |   0.560634  |   0.318197  |   0.692987  |   0.268534  |   0.413750  |   0.134060
6.425  |   0.034697  |  -0.348392  |   1.143678  |   0.852158  |   0.725106  |   0.582241  |   0.539675  |   0.520517  |   0.286999  |   0.098655
6.450  |   0.041701  |  -0.591683  |   1.434336  |   0.779653  |   0.889217  |   0.847651  |   0.386615  |   0.769984  |   0.160547  |   0.064548
6.475  |   0.039950  |  -0.802711  |   1.692453  |   0.716985  |   1.051489  |   1.108151  |   0.244022  |   1.007225  |   0.040048  |   0.030940
6.500  |   0.026733  |  -0.973189  |   1.908284  |   0.671007  |   1.210544  |   1.357685  |   0.121631  |   1.223043  |  -0.069131  |  -0.002903
6.525  |   0.000154  |  -1.096487  |   2.073835  |   0.647568  |   1.365137  |   1.590668  |   0.028264  |   1.409169  |  -0.162160  |  -0.037561
6.550  |  -0.040733  |  -1.167925  |   2.183216  |   0.651247  |   1.514183  |   1.802213  |  -0.028563  |   1.558648  |  -0.234974  |  -0.073384
6.575  |  -0.095841  |  -1.184961  |   2.232907  |   0.685145  |   1.656779  |   1.988324  |  -0.042976  |   1.666153  |  -0.284459  |  -0.110428
6.600  |  -0.164018  |  -1.147305  |   2.221913  |   0.750756  |   1.792203  |   2.146060  |  -0.011011  |   1.728233  |  -0.308596  |  -0.148416
6.625  |  -0.243073  |  -1.056914  |   2.151810  |   0.847905  |   1.919918  |   2.273639  |   0.069216  |   1.743474  |  -0.306544  |  -0.186713
6.650  |  -0.329853  |  -0.917902  |   2.026685  |   0.974767  |   2.039559  |   2.370500  |   0.197413  |   1.712572  |  -0.278675  |  -0.224340
6.675  |  -0.420380  |  -0.736346  |   1.852960  |   1.127964  |   2.150909  |   2.437312  |   0.371130  |   1.638301  |  -0.226538  |  -0.259993
6.700  |  -0.510026  |  -0.520007  |   1.639113  |   1.302726  |   2.253879  |   2.475919  |   0.585858  |   1.525401  |  -0.152775  |  -0.292103
6.725  |  -0.593730  |  -0.277974  |   1.395316  |   1.493124  |   2.348474  |   2.489245  |   0.835230  |   1.380365  |  -0.060976  |  -0.318907
6.750  |  -0.666246  |  -0.020254  |   1.132997  |   1.692349  |   2.434761  |   2.481144  |   1.111294  |   1.211150  |   0.044509  |  -0.338539
6.775  |  -0.722399  |   0.242684  |   0.864344  |   1.893030  |   2.512842  |   2.456211  |   1.404867  |   1.026831  |   0.158796  |  -0.349132
6.800  |  -0.757357  |   0.500377  |   0.601786  |   2.087582  |   2.582816  |   2.419559  |   1.705929  |   0.837188  |   0.276725  |  -0.348931
6.825  |  -0.766884  |   0.742844  |   0.357456  |   2.268554  |   2.644764  |   2.376578  |   2.004068  |   0.652277  |   0.393118  |  -0.336402
6.850  |  -0.747576  |   0.961031  |   0.142678  |   2.428977  |   2.698719  |   2.332672  |   2.288932  |   0.481980  |   0.503057  |  -0.310339
6.875  |  -0.697065  |   1.147215  |  -0.032518  |   2.562688  |   2.744662  |   2.293012  |   2.550677  |   0.335563  |   0.602131  |  -0.269956
6.900  |  -0.614179  |   1.295346  |  -0.159815  |   2.664608  |   2.782511  |   2.262279  |   2.780400  |   0.221269  |   0.686673  |  -0.214969
6.925  |  -0.499051  |   1.401312  |  -0.232956  |   2.730983  |   2.812127  |   2.244452  |   2.970520  |   0.145947  |   0.753944  |  -0.145643
6.950  |  -0.353168  |   1.463112  |  -0.247994  |   2.759554  |   2.833328  |   2.242610  |   3.115104  |   0.114758  |   0.802286  |  -0.062829
6.975  |  -0.179358  |   1.480935  |  -0.203450  |   2.749664  |   2.845898  |   2.258786  |   3.210122  |   0.130940  |   0.831210  |   0.032039
7.000  |   0.018277  |   1.457136  |  -0.100348  |   2.702292  |   2.849622  |   2.293865  |   3.253608  |   0.195675  |   0.841428  |   0.136974
7.025  |   0.234501  |   1.396109  |   0.057844  |   2.620008  |   2.844307  |   2.347535  |   3.245739  |   0.308042  |   0.834822  |   0.249494
7.050  |   0.463126  |   1.304072  |   0.265388  |   2.506869  |   2.829815  |   2.418296  |   3.188815  |   0.465060  |   0.814356  |   0.366709
7.075  |   0.697252  |   1.188759  |   0.514548  |   2.368236  |   2.806097  |   2.503525  |   3.087143  |   0.661834  |   0.783929  |   0.485430
7.100  |   0.929537  |   1.059049  |   0.795942  |   2.210538  |   2.773220  |   2.599583  |   2.946836  |   0.891773  |   0.748177  |   0.602303
7.125  |   1.152497  |   0.924535  |   1.098964  |   2.040995  |   2.731396  |   2.701991  |   2.775532  |   1.146893  |   0.712235  |   0.713949
7.150  |   1.358820  |   0.795067  |   1.412257  |   1.867299  |   2.681003  |   2.805624  |   2.582043  |   1.418174  |   0.681473  |   0.817117
7.175  |   1.541673  |   0.680269  |   1.724216  |   1.697275  |   2.622598  |   2.904954  |   2.375963  |   1.695966  |   0.661211  |   0.908838
7.200  |   1.695000  |   0.589079  |   2.023486  |   1.538549  |   2.556927  |   2.994306  |   2.167232  |   1.970415  |   0.656437  |   0.986562
7.225  |   1.813789  |   0.529312  |   2.299458  |   1.398210  |   2.484917  |   3.068129  |   1.965694  |   2.231897  |   0.671527  |   1.048293
7.250  |   1.894303  |   0.507271  |   2.542714  |   1.282513  |   2.407670  |   3.121259  |   1.780663  |   2.471444  |   0.710002  |   1.092692
7.275  |   1.934248  |   0.527432  |   2.745418  |   1.196606  |   2.326438  |   3.149177  |   1.620508  |   2.681122  |   0.774313  |   1.119158
7.300  |   1.932894  |   0.592212  |   2.901633  |   1.144321  |   2.242595  |   3.148233  |   1.492291  |   2.854375  |   0.865682  |   1.127875
7.325  |   1.891124  |   0.701825  |   3.007548  |   1.128011  |   2.157600  |   3.115839  |   1.401461  |   2.986288  |   0.983992  |   1.119822
7.350  |   1.811414  |   0.854246  |   3.061605  |   1.148463  |   2.072955  |   3.050620  |   1.351624  |   3.073786  |   1.127749  |   1.096747
7.375  |   1.697743  |   1.045273  |   3.064524  |   1.204874  |   1.990159  |   2.952506  |   1.344394  |   3.115736  |   1.294102  |   1.061107
7.400  |   1.555444  |   1.268695  |   3.019226  |   1.294899  |   1.910660  |   2.822776  |   1.379340  |   3.112963  |   1.478935  |   1.015964
7.425  |   1.390983  |   1.516551  |   2.930656  |   1.414762  |   1.835809  |   2.664039  |   1.454024  |   3.068177  |   1.677020  |   0.964859
7.450  |   1.211699  |   1.779467  |   2.805516  |   1.559435  |   1.766814  |   2.480157  |   1.564122  |   2.985809  |   1.882223  |   0.911657
7.475  |   1.025498  |   2.047070  |   2.651921  |   1.722863  |   1.704700  |   2.276113  |   1.703642  |   2.871775  |   2.087763  |   0.860363
7.500  |   0.840519  |   2.308442  |   2.478997  |   1.898230  |   1.650283  |   2.057831  |   1.865204  |   2.733168  |   2.286499  |   0.814943
7.525  |   0.664786  |   2.552610  |   2.296434  |   2.078263  |   1.604137  |   1.831951  |   2.040392  |   2.577901  |   2.471248  |   0.779124
7.550  |   0.505871  |   2.769034  |   2.114018  |   2.255543  |   1.566591  |   1.605571  |   2.220140  |   2.414314  |   2.635105  |   0.756212
7.575  |   0.370563  |   2.948090  |   1.941170  |   2.422825  |   1.537717  |   1.385969  |   2.395155  |   2.250768  |   2.771753  |   0.748918
7.600  |   0.264574  |   3.081504  |   1.786499  |   2.573338  |   1.517342  |   1.180308  |   2.556343  |   2.095240  |   2.875759  |   0.759207
7.625  |   0.192287  |   3.162739  |   1.657404  |   2.701067  |   1.505068  |   0.995355  |   2.695222  |   1.954939  |   2.942830  |   0.788182
7.650  |   0.156566  |   3.187300  |   1.559730  |   2.800996  |   1.500292  |   0.837201  |   2.804312  |   1.835969  |   2.970016  |   0.835993
7.675  |   0.158620  |   3.152956  |   1.497508  |   2.869298  |   1.502248  |   0.711015  |   2.877467  |   1.743041  |   2.955857  |   0.901803
7.700  |   0.197950  |   3.059853  |   1.472775  |   2.903481  |   1.510047  |   0.620831  |   2.910159  |   1.679258  |   2.900469  |   0.983785
7.725  |   0.272356  |   2.910534  |   1.485494  |   2.902457  |   1.522719  |   0.569386  |   2.899672  |   1.645982  |   2.805550  |   1.079169
7.750  |   0.378033  |   2.709843  |   1.533570  |   2.866567  |   1.539264  |   0.558002  |   2.845222  |   1.642783  |   2.674319  |   1.184337
7.775  |   0.509722  |   2.464731  |   1.612964  |   2.797526  |   1.558697  |   0.586535  |   2.747989  |   1.667480  |   2.511382  |   1.294950
7.800  |   0.660939  |   2.183966  |   1.717898  |   2.698319  |   1.580089  |   0.653379  |   2.611055  |   1.716260  |   2.322537  |   1.406122
7.825  |   0.824243  |   1.877762  |   1.841143  |   2.573040  |   1.602608  |   0.755526  |   2.439257  |   1.783887  |   2.114518  |   1.512613
7.850  |   0.991563  |   1.557339  |   1.974370  |   2.426687  |   1.625545  |   0.888692  |   2.238967  |   1.863973  |   1.894698  |   1.609049
7.875  |   1.154541  |   1.234445  |   2.108561  |   2.264917  |   1.648337  |   1.047490  |   2.017796  |   1.949308  |   1.670762  |   1.690155
7.900  |   1.304894  |   0.920840  |   2.234440  |   2.093783  |   1.670578  |   1.225644  |   1.784246  |   2.032228  |   1.450356  |   1.750982
7.925  |   1.434775  |   0.627792  |   2.342927  |   1.919456  |   1.692018  |   1.416240  |   1.547325  |   2.105013  |   1.240745  |   1.787134
7.950  |   1.537119  |   0.365583  |   2.425576  |   1.747950  |   1.712548  |   1.612006  |   1.316142  |   2.160275  |   1.048485  |   1.794970
7.975  |   1.605946  |   0.143060  |   2.474988  |   1.584864  |   1.732188  |   1.805597  |   1.099492  |   2.191344  |   0.879119  |   1.771783
8.000  |   1.636633  |  -0.032749  |   2.485167  |   1.435138  |   1.751046  |   1.989880  |   0.905468  |   2.192613  |   0.736929  |   1.715938
8.025  |   1.626117  |  -0.156943  |   2.451826  |   1.302860  |   1.769289  |   2.158214  |   0.741100  |   2.159837  |   0.624743  |   1.626969
8.050  |   1.573036  |  -0.226960  |   2.372597  |   1.191108  |   1.787095  |   2.304694  |   0.612046  |   2.090356  |   0.543803  |   1.505627
8.075  |   1.477799  |  -0.242689  |   2.247167  |   1.101842  |   1.804610  |   2.424376  |   0.522345  |   1.983259  |   0.493717  |   1.353879
8.100  |   1.342571  |  -0.206465  |   2.077307  |   1.035857  |   1.821905  |   2.513441  |   0.474247  |   1.839451  |   0.472482  |   1.174853
8.125  |   1.171197  |  -0.122969  |   1.866815  |   0.992782  |   1.838928  |   2.569326  |   0.468126  |   1.661633  |   0.476587  |   0.972733
8.150  |   0.969037  |   0.000988  |   1.621360  |   0.971143  |   1.855475  |   2.590783  |   0.502469  |   1.454205  |   0.501184  |   0.752610
8.175  |   0.742749  |   0.156773  |   1.348238  |   0.968469  |   1.871154  |   2.577899  |   0.573966  |   1.223073  |   0.540332  |   0.520292
8.200  |   0.500009  |   0.334315  |   1.056062  |   0.981444  |   1.885372  |   2.532041  |   0.677660  |   0.975391  |   0.587284  |   0.282078
8.225  |   0.249185  |   0.522562  |   0.754379  |   1.006096  |   1.897327  |   2.455761  |   0.807189  |   0.719240  |   0.634831  |   0.044521
8.250  |  -0.001013  |   0.709976  |   0.453253  |   1.038009  |   1.906012  |   2.352645  |   0.955076  |   0.463253  |   0.675654  |  -0.185840
8.275  |  -0.241899  |   0.885057  |   0.162819  |   1.072557  |   1.910239  |   2.227124  |   1.113071  |   0.216223  |   0.702700  |  -0.402731
8.300  |  -0.465184  |   1.036858  |  -0.107166  |   1.105133  |   1.908669  |   2.084245  |   1.272523  |  -0.013314  |   0.709542  |  -0.600392
8.325  |  -0.663320  |   1.155485  |  -0.347755  |   1.131378  |   1.899857  |   1.929432  |   1.424768  |  -0.217477  |   0.690711  |  -0.773809
8.350  |  -0.829819  |   1.232548  |  -0.551210  |   1.147389  |   1.882309  |   1.768226  |   1.561513  |  -0.389415  |   0.642000  |  -0.918908
8.375  |  -0.959524  |   1.261543  |  -0.711342  |   1.149898  |   1.854543  |   1.606031  |   1.675195  |  -0.523635  |   0.560694  |  -1.032708
8.400  |  -1.048826  |   1.238160  |  -0.823786  |   1.136420  |   1.815160  |   1.447869  |   1.759308  |  -0.616272  |   0.445745  |  -1.113438
8.425  |  -1.095804  |   1.160484  |  -0.886194  |   1.105353  |   1.762915  |   1.298159  |   1.808672  |  -0.665279  |   0.297870  |  -1.160587
8.450  |  -1.100303  |   1.029099  |  -0.898337  |   1.056036  |   1.696786  |   1.160533  |   1.819642  |  -0.670542  |   0.119558  |  -1.174914
8.475  |  -1.063929  |   0.847075  |  -0.862111  |   0.988752  |   1.616039  |   1.037685  |   1.790247  |  -0.633897  |  -0.084996  |  -1.158393
8.500  |  -0.989966  |   0.619853  |  -0.781452  |   0.904694  |   1.520284  |   0.931274  |   1.720242  |  -0.559061  |  -0.310046  |  -1.114107
8.525  |  -0.883229  |   0.355014  |  -0.662156  |   0.805873  |   1.409523  |   0.841871  |   1.611086  |  -0.451477  |  -0.548519  |  -1.046103
8.550  |  -0.749838  |   0.061963  |  -0.511620  |   0.694998  |   1.284181  |   0.768967  |   1.465845  |  -0.318073  |  -0.792313  |  -0.959190
8.575  |  -0.596947  |  -0.248474  |  -0.338510  |   0.575312  |   1.145116  |   0.711023  |   1.289014  |  -0.166955  |  -1.032641  |  -0.858721
8.600  |  -0.432424  |  -0.564517  |  -0.152375  |   0.450412  |   0.993621  |   0.665575  |   1.086287  |  -0.007041  |  -1.260415  |  -0.750341
8.625  |  -0.264500  |  -0.873939  |   0.036777  |   0.324046  |   0.831402  |   0.629378  |   0.864262  |   0.152340  |  -1.466653  |  -0.639726
8.650  |  -0.101404  |  -1.164598  |   0.218919  |   0.199914  |   0.660532  |   0.598589  |   0.630124  |   0.301876  |  -1.642888  |  -0.532328
8.675  |   0.049002  |  -1.424968  |   0.384454  |   0.081464  |   0.483399  |   0.568974  |   0.391294  |   0.432698  |  -1.781559  |  -0.433127
8.700  |   0.179567  |  -1.644636  |   0.524628  |  -0.028285  |   0.302629  |   0.536131  |   0.155079  |   0.536785  |  -1.876370  |  -0.346406
8.725  |   0.284165  |  -1.814766  |   0.631915  |  -0.126908  |   0.120999  |   0.495722  |  -0.071665  |   0.607334  |  -1.922595  |  -0.275566
8.750  |   0.357966  |  -1.928484  |   0.700340  |  -0.212695  |  -0.058661  |   0.443699  |  -0.282846  |   0.639077  |  -1.917327  |  -0.222977
8.775  |   0.397645  |  -1.981182  |   0.725729  |  -0.284740  |  -0.233570  |   0.376513  |  -0.473403  |   0.628526  |  -1.859635  |  -0.189879
8.800  |   0.401523  |  -1.970730  |   0.705883  |  -0.342986  |  -0.401100  |   0.291296  |  -0.639522  |   0.574134  |  -1.750653  |  -0.176346
8.825  |   0.369642  |  -1.897571  |   0.640657  |  -0.388224  |  -0.558882  |   0.186017  |  -0.778782  |   0.476374  |  -1.593565  |  -0.181290
8.850  |   0.303750  |  -1.764720  |   0.531948  |  -0.422044  |  -0.704898  |   0.059590  |  -0.890234  |   0.337718  |  -1.393509  |  -0.202536
8.875  |   0.207225  |  -1.577633  |   0.383592  |  -0.446751  |  -0.837562  |  -0.088065  |  -0.974409  |   0.162529  |  -1.157389  |  -0.236941
8.900  |   0.084919  |  -1.343989  |   0.201172  |  -0.465236  |  -0.955795  |  -0.255999  |  -1.033242  |  -0.043137  |  -0.893612  |  -0.280564
8.925  |  -0.057069  |  -1.073367  |  -0.008247  |  -0.480821  |  -1.059066  |  -0.442271  |  -1.069940  |  -0.271808  |  -0.611755  |  -0.328872
8.950  |  -0.211663  |  -0.776845  |  -0.236453  |  -0.497075  |  -1.147423  |  -0.644025  |  -1.088778  |  -0.514934  |  -0.322179  |  -0.376980
8.975  |  -0.371136  |  -0.466532  |  -0.474467  |  -0.517619  |  -1.221498  |  -0.857615  |  -1.094846  |  -0.763281  |  -0.035604  |  -0.419905
9.000  |  -0.527459  |  -0.155060  |  -0.712960  |  -0.545926  |  -1.282481  |  -1.078761  |  -1.093764  |  -1.007353  |   0.237330  |  -0.452837
9.025  |  -0.672667  |   0.144944  |  -0.942677  |  -0.585128  |  -1.332082  |  -1.302739  |  -1.091359  |  -1.237829  |   0.486503  |  -0.471388
9.050  |  -0.799221  |   0.421389  |  -1.154861  |  -0.637837  |  -1.372458  |  -1.524591  |  -1.093352  |  -1.445990  |   0.702738  |  -0.471843
9.075  |  -0.900354  |   0.663220  |  -1.341645  |  -0.705989  |  -1.406128  |  -1.739342  |  -1.105033  |  -1.624120  |   0.878178  |  -0.451367
9.100  |  -0.970387  |   0.860879  |  -1.496407  |  -0.790724  |  -1.435870  |  -1.942221  |  -1.130979  |  -1.765861  |   1.006613  |  -0.408180
9.125  |  -1.004992  |   1.006695  |  -1.614061  |  -0.892305  |  -1.464597  |  -2.128872  |  -1.174792  |  -1.866503  |   1.083729  |  -0.341681
9.150  |  -1.001401  |   1.095187  |  -1.691281  |  -1.010080  |  -1.495237  |  -2.295539  |  -1.238904  |  -1.923199  |   1.107282  |  -0.252523
9.175  |  -0.958550  |   1.123283  |  -1.726633  |  -1.142484  |  -1.530599  |  -2.439228  |  -1.324428  |  -1.935096  |   1.077181  |  -0.142620
9.200  |  -0.877139  |   1.090422  |  -1.720636  |  -1.287101  |  -1.573247  |  -2.557835  |  -1.431088  |  -1.903374  |   0.995469  |  -0.015107
9.225  |  -0.759628  |   0.998558  |  -1.675718  |  -1.440753  |  -1.625380  |  -2.650223  |  -1.557216  |  -1.831182  |   0.866223  |   0.125769
9.250  |  -0.610147  |   0.852043  |  -1.596091  |  -1.599644  |  -1.688725  |  -2.716265  |  -1.699820  |  -1.723496  |   0.695359  |   0.274807
9.275  |  -0.434337  |   0.657424  |  -1.487548  |  -1.759525  |  -1.764446  |  -2.756828  |  -1.854722  |  -1.586883  |   0.490353  |   0.426060
9.300  |  -0.239123  |   0.423130  |  -1.357184  |  -1.915891  |  -1.853077  |  -2.773725  |  -2.016760  |  -1.429196  |   0.259905  |   0.573078
9.325  |  -0.032435  |   0.159090  |  -1.213062  |  -2.064192  |  -1.954479  |  -2.769608  |  -2.180038  |  -1.259205  |   0.013544  |   0.709186
9.350  |   0.177126  |  -0.123710  |  -1.063832  |  -2.200051  |  -2.067827  |  -2.747837  |  -2.338222  |  -1.086192  |  -0.238805  |   0.827772
9.375  |   0.380640  |  -0.413721  |  -0.918332  |  -2.319476  |  -2.191616  |  -2.712305  |  -2.484854  |  -0.919521  |  -0.487258  |   0.922583
9.400  |   0.569243  |  -0.699336  |  -0.785178  |  -2.419056  |  -2.323710  |  -2.667249  |  -2.613686  |  -0.768196  |  -0.722416  |   0.988011
9.425  |   0.734503  |  -0.969398  |  -0.672367  |  -2.496134  |  -2.461406  |  -2.617042  |  -2.719003  |  -0.640453  |  -0.935774  |   1.019351
9.450  |   0.868769  |  -1.213685  |  -0.586911  |  -2.548946  |  -2.601527  |  -2.565979  |  -2.795919  |  -0.543375  |  -1.120096  |   1.013036
9.475  |   0.965503  |  -1.423342  |  -0.534518  |  -2.576718  |  -2.740538  |  -2.518073  |  -2.840651  |  -0.482564  |  -1.269725  |   0.966815
9.500  |   1.019553  |  -1.591262  |  -0.519338  |  -2.579719  |  -2.874676  |  -2.476864  |  -2.850725  |  -0.461890  |  -1.380816  |   0.879886
9.525  |   1.027376  |  -1.712374  |  -0.543775  |  -2.559263  |  -3.000096  |  -2.445252  |  -2.825137  |  -0.483315  |  -1.451493  |   0.752965
9.550  |   0.987195  |  -1.783846  |  -0.608385  |  -2.517666  |  -3.113017  |  -2.425359  |  -2.764432  |  -0.546807  |  -1.481907  |   0.588291
9.575  |   0.899076  |  -1.805184  |  -0.711863  |  -2.458142  |  -3.209872  |  -2.418441  |  -2.670719  |  -0.650352  |  -1.474202  |   0.389573
9.600  |   0.764936  |  -1.778233  |  -0.851107  |  -2.384675  |  -3.287454  |  -2.424828  |  -2.547608  |  -0.790057  |  -1.432391  |   0.161865
9.625  |   0.588470  |  -1.707063  |  -1.021369  |  -2.301833  |  -3.343045  |  -2.443921  |  -2.400068  |  -0.960338  |  -1.362142  |  -0.088612
9.650  |   0.375007  |  -1.597766  |  -1.216485  |  -2.214561  |  -3.374528  |  -2.474225  |  -2.234228  |  -1.154196  |  -1.270491  |  -0.354695
9.675  |   0.131293  |  -1.458162  |  -1.429163  |  -2.127956  |  -3.380484  |  -2.513439  |  -2.057111  |  -1.363553  |  -1.165492  |  -0.628555
9.700  |  -0.134771  |  -1.297431  |  -1.651322  |  -2.047026  |  -3.360252  |  -2.558569  |  -1.876332  |  -1.579638  |  -1.055813  |  -0.901995
9.725  |  -0.414454  |  -1.125681  |  -1.874471  |  -1.976451  |  -3.313972  |  -2.606089  |  -1.699750  |  -1.793410  |  -0.950316  |  -1.166764
9.750  |  -0.698540  |  -0.953486  |  -2.090097  |  -1.920357  |  -3.242583  |  -2.652126  |  -1.535122  |  -1.995990  |  -0.857615  |  -1.414886
9.775  |  -0.977699  |  -0.791400  |  -2.290061  |  -1.882115  |  -3.147803  |  -2.692653  |  -1.389741  |  -2.179086  |  -0.785657  |  -1.638966
9.800  |  -1.242854  |  -0.649476  |  -2.466964  |  -1.864168  |  -3.032072  |  -2.723704  |  -1.270099  |  -2.335386  |  -0.741328  |  -1.832477
9.825  |  -1.485541  |  -0.536807  |  -2.614487  |  -1.867907  |  -2.898470  |  -2.741579  |  -1.181586  |  -2.458910  |  -0.730109  |  -1.990017
9.850  |  -1.698239  |  -0.461119  |  -2.727671  |  -1.893585  |  -2.750604  |  -2.743042  |  -1.128233  |  -2.545292  |  -0.755798  |  -2.107514
9.875  |  -1.874655  |  -0.428416  |  -2.803137  |  -1.940293  |  -2.592484  |  -2.725495  |  -1.112513  |  -2.591988  |  -0.820311  |  -2.182375
9.900  |  -2.009965  |  -0.442713  |  -2.839227  |  -2.005981  |  -2.428373  |  -2.687123  |  -1.135221  |  -2.598391  |  -0.923572  |  -2.213576
9.925  |  -2.100983  |  -0.505850  |  -2.836071  |  -2.087543  |  -2.262637  |  -2.627006  |  -1.195419  |  -2.565861  |  -1.063489  |  -2.201690
9.950  |  -2.146264  |  -0.617405  |  -2.795558  |  -2.180946  |  -2.099588  |  -2.545190  |  -1.290470  |  -2.497648  |  -1.236038  |  -2.148842
9.975  |  -2.146136  |  -0.774713  |  -2.721236  |  -2.281405  |  -1.943322  |  -2.442707  |  -1.416148  |  -2.398734  |  -1.435422  |  -2.058603
10.000  |  -2.102659  |  -0.972975  |  -2.618129  |  -2.383597  |  -1.797586  |  -2.321554  |  -1.566815  |  -2.275581  |  -1.654324  |  -1.935828