Tempo  |   x001(t)   |   x002(t)   |   x003(t)   |   x004(t)   |   x005(t) 
0.000  |   1.000000  |   10.000000  |  -4.000000  |   3.000000  |  -2.000000
0.025  |   1.055003  |   9.838127  |  -3.847558  |   2.908934  |  -1.944953
0.050  |   1.216325  |   9.359975  |  -3.398366  |   2.641641  |  -1.782974
0.075  |   1.473105  |   8.587576  |  -2.676394  |   2.215489  |  -1.523354
0.100  |   1.807902  |   7.556412  |  -1.720175  |   1.658277  |  -1.180952
0.125  |   2.197646  |   6.313636  |  -0.580750  |   1.006580  |  -0.775289
0.150  |   2.614901  |   4.915701  |   0.681040  |   0.303568  |  -0.329360
0.175  |   3.029371  |   3.425536  |   1.997791  |  -0.403571  |   0.131765
0.200  |   3.409576  |   1.909404  |   3.299107  |  -1.066472  |   0.582469
0.225  |   3.724594  |   0.433603  |   4.515334  |  -1.638509  |   0.998156
0.250  |   3.945806  |  -0.938802  |   5.581238  |  -2.077644  |   1.356750
0.275  |   4.048516  |  -2.151081  |   6.439446  |  -2.349021  |   1.640055
0.300  |   4.013392  |  -3.155578  |   7.043453  |  -2.427171  |   1.834868
0.325  |   3.827638  |  -3.915983  |   7.360049  |  -2.297683  |   1.933796
0.350  |   3.485829  |  -4.408995  |   7.371021  |  -1.958260  |   1.935716
0.375  |   2.990378  |  -4.625312  |   7.074054  |  -1.419072  |   1.845842
0.400  |   2.351596  |  -4.569891  |   6.482783  |  -0.702401  |   1.675406
0.425  |   1.587352  |  -4.261475  |   5.625989  |   0.158416  |   1.440951
0.450  |   0.722333  |  -3.731410  |   4.545989  |   1.120689  |   1.163288
0.475  |  -0.213042  |  -3.021825  |   3.296320  |   2.134638  |   0.866175
0.500  |  -1.184013  |  -2.183269  |   1.938818  |   3.146070  |   0.574788
0.525  |  -2.153104  |  -1.271936  |   0.540285  |   4.099355  |   0.314080
0.550  |  -3.081893  |  -0.346623  |  -0.831103  |   4.940500  |   0.107123
0.575  |  -3.932849  |   0.534422  |  -2.109437  |   5.620175  |  -0.026459
0.600  |  -4.671128  |   1.316582  |  -3.234570  |   6.096505  |  -0.071883
0.625  |  -5.266257  |   1.951743  |  -4.155288  |   6.337472  |  -0.020323
0.650  |  -5.693609  |   2.400792  |  -4.831970  |   6.322797  |   0.130309
0.675  |  -5.935597  |   2.635613  |  -5.238608  |   6.045177  |   0.374988
0.700  |  -5.982528  |   2.640490  |  -5.364086  |   5.510820  |   0.701615
0.725  |  -5.833080  |   2.412839  |  -5.212631  |   4.739233  |   1.091507
0.750  |  -5.494371  |   1.963239  |  -4.803439  |   3.762271  |   1.520286
0.775  |  -4.981626  |   1.314764  |  -4.169484  |   2.622504  |   1.959151
0.800  |  -4.317450  |   0.501654  |  -3.355593  |   1.370976  |   2.376457
0.825  |  -3.530760  |  -0.432591  |  -2.415879  |   0.064488  |   2.739506
0.850  |  -2.655408  |  -1.437598  |  -1.410689  |  -1.237450  |   3.016477
0.875  |  -1.728594  |  -2.458863  |  -0.403233  |  -2.475830  |   3.178351
0.900  |  -0.789116  |  -3.440688  |   0.543929  |  -3.595336  |   3.200758
0.925  |   0.124426  |  -4.329167  |   1.372336  |  -4.547347  |   3.065601
0.950  |   0.975402  |  -5.075060  |   2.030837  |  -5.292573  |   2.762393
0.975  |   1.730808  |  -5.636410  |   2.478374  |  -5.803175  |   2.289197
1.000  |   2.362725  |  -5.980750  |   2.686198  |  -6.064262  |   1.653118
1.025  |   2.849508  |  -6.086813  |   2.639404  |  -6.074661  |   0.870309
1.050  |   3.176660  |  -5.945632  |   2.337681  |  -5.846922  |  -0.034521
1.075  |   3.337339  |  -5.561000  |   1.795266  |  -5.406558  |  -1.029092
1.100  |   3.332496  |  -4.949248  |   1.040093  |  -4.790552  |  -2.074972
1.125  |   3.170622  |  -4.138382  |   0.112188  |  -4.045215  |  -3.129373
1.150  |   2.867136  |  -3.166603  |  -0.938589  |  -3.223508  |  -4.147228
1.175  |   2.443457  |  -2.080319  |  -2.055343  |  -2.381987  |  -5.083450
1.200  |   1.925789  |  -0.931734  |  -3.177315  |  -1.577526  |  -5.895235
1.225  |   1.343705  |   0.223838  |  -4.243252  |  -0.864011  |  -6.544310
1.250  |   0.728606  |   1.330808  |  -5.194800  |  -0.289187  |  -6.998984
1.275  |   0.112110  |   2.336130  |  -5.979712  |   0.108160  |  -7.235895
1.300  |  -0.475514  |   3.191967  |  -6.554718  |   0.300527  |  -7.241356
1.325  |  -1.006813  |   3.858069  |  -6.887882  |   0.273396  |  -7.012215
1.350  |  -1.458438  |   4.303729  |  -6.960335  |   0.026193  |  -6.556179
1.375  |  -1.812187  |   4.509234  |  -6.767269  |  -0.427522  |  -5.891581
1.400  |  -2.055764  |   4.466736  |  -6.318158  |  -1.060694  |  -5.046583
1.425  |  -2.183215  |   4.180507  |  -5.636192  |  -1.834169  |  -4.057865
1.450  |  -2.195032  |   3.666566  |  -4.756953  |  -2.698808  |  -2.968847
1.475  |  -2.097917  |   2.951719  |  -3.726410  |  -3.598191  |  -1.827551
1.500  |  -1.904240  |   2.072057  |  -2.598351  |  -4.471772  |  -0.684196
1.525  |  -1.631214  |   1.071006  |  -1.431388  |  -5.258307  |   0.411338
1.550  |  -1.299837  |  -0.002959  |  -0.285709  |  -5.899373  |   1.412042
1.575  |  -0.933672  |  -1.098826  |   0.780246  |  -6.342776  |   2.276181
1.600  |  -0.557511  |  -2.165627  |   1.713007  |  -6.545669  |   2.969430
1.625  |  -0.196022  |  -3.154975  |   2.467005  |  -6.477183  |   3.466629
1.650  |   0.127577  |  -4.023406  |   3.007056  |  -6.120442  |   3.753060
1.675  |   0.392739  |  -4.734420  |   3.310266  |  -5.473835  |   3.825180
1.700  |   0.582629  |  -5.260111  |   3.367244  |  -4.551452  |   3.690754
1.725  |   0.684965  |  -5.582315  |   3.182570  |  -3.382684  |   3.368391
1.750  |   0.692591  |  -5.693222  |   2.774479  |  -2.010959  |   2.886496
1.775  |   0.603779  |  -5.595434  |   2.173791  |  -0.491709  |   2.281693
1.800  |   0.422236  |  -5.301473  |   1.422149  |   1.110351  |   1.596799
1.825  |   0.156839  |  -4.832787  |   0.569649  |   2.724489  |   0.878462
1.850  |  -0.178898  |  -4.218310  |  -0.327978  |   4.277577  |   0.174575
1.875  |  -0.567583  |  -3.492674  |  -1.212510  |   5.697909  |  -0.468374
1.900  |  -0.988881  |  -2.694165  |  -2.026499  |   6.918969  |  -1.007900
1.925  |  -1.420587  |  -1.862551  |  -2.716491  |   7.882985  |  -1.407898
1.950  |  -1.839760  |  -1.036901  |  -3.236020  |   8.544046  |  -1.640688
1.975  |  -2.223873  |  -0.253515  |  -3.548215  |   8.870627  |  -1.688609
2.000  |  -2.551917  |   0.455936  |  -3.627864  |   8.847373  |  -1.545070
2.025  |  -2.805391  |   1.065937  |  -3.462836  |   8.476050  |  -1.214992
2.050  |  -2.969150  |   1.558279  |  -3.054775  |   7.775590  |  -0.714631
2.075  |  -3.032060  |   1.922745  |  -2.419026  |   6.781240  |  -0.070764
2.100  |  -2.987436  |   2.157339  |  -1.583812  |   5.542838  |   0.680710
2.125  |  -2.833250  |   2.268022  |  -0.588689  |   4.122316  |   1.496683
2.150  |  -2.572102  |   2.268014  |   0.517620  |   2.590550  |   2.329172
2.175  |  -2.210973  |   2.176689  |   1.679893  |   1.023721  |   3.127939
2.200  |  -1.760772  |   2.018149  |   2.839444  |  -0.500608  |   3.843277
2.225  |  -1.235714  |   1.819561  |   3.937339  |  -1.907510  |   4.428787
2.250  |  -0.652572  |   1.609358  |   4.917625  |  -3.128579  |   4.844021
2.275  |  -0.029832  |   1.415416  |   5.730399  |  -4.105483  |   5.056825
2.300  |   0.613174  |   1.263304  |   6.334532  |  -4.792983  |   5.045271
2.325  |   1.257142  |   1.174717  |   6.699916  |  -5.161269  |   4.799049
2.350  |   1.883609  |   1.166171  |   6.809099  |  -5.197483  |   4.320266
2.375  |   2.475669  |   1.248042  |   6.658223  |  -4.906330  |   3.623572
2.400  |   3.018575  |   1.423987  |   6.257218  |  -4.309775  |   2.735623
2.425  |   3.500179  |   1.690778  |   5.629231  |  -3.445800  |   1.693895
2.450  |   3.911216  |   2.038562  |   4.809342  |  -2.366323  |   0.544900
2.475  |   4.245415  |   2.451506  |   3.842618  |  -1.134369  |  -0.658094
2.500  |   4.499459  |   2.908805  |   2.781628  |   0.179359  |  -1.857738
2.525  |   4.672779  |   3.385963  |   1.683557  |   1.500307  |  -2.995519
2.550  |   4.767245  |   3.856294  |   0.607064  |   2.754111  |  -4.014779
2.575  |   4.786744  |   4.292531  |  -0.390921  |   3.870617  |  -4.863667
2.600  |   4.736708  |   4.668458  |  -1.258302  |   4.787681  |  -5.497880
2.625  |   4.623609  |   4.960461  |  -1.950640  |   5.454528  |  -5.883031
2.650  |   4.454464  |   5.148916  |  -2.433552  |   5.834500  |  -5.996530
2.675  |   4.236376  |   5.219325  |  -2.684542  |   5.907036  |  -5.828876
2.700  |   3.976151  |   5.163139  |  -2.694173  |   5.668783  |  -5.384273
2.725  |   3.679992  |   4.978229  |  -2.466521  |   5.133778  |  -4.680549
2.750  |   3.353309  |   4.668972  |  -2.018869  |   4.332674  |  -3.748373
2.775  |   3.000632  |   4.245953  |  -1.380686  |   3.311077  |  -2.629803
2.800  |   2.625633  |   3.725313  |  -0.591935  |   2.127059  |  -1.376245
2.825  |   2.231248  |   3.127773  |   0.299199  |   0.847988  |  -0.045912
2.850  |   1.819882  |   2.477408  |   1.239015  |  -0.453146  |   1.299066
2.875  |   1.393674  |   1.800237  |   2.171302  |  -1.701725  |   2.595754
2.900  |   0.954792  |   1.122721  |   3.040471  |  -2.825602  |   3.783565
2.925  |   0.505740  |   0.470254  |   3.794633  |  -3.759065  |   4.807310
2.950  |   0.049632  |  -0.134251  |   4.388460  |  -4.446478  |   5.619970
2.975  |  -0.409571  |  -0.671611  |   4.785675  |  -4.845388  |   6.185054
3.000  |  -0.866911  |  -1.127376  |   4.961013  |  -4.928920  |   6.478415
3.025  |  -1.316369  |  -1.492525  |   4.901575  |  -4.687359  |   6.489438
3.050  |  -1.750896  |  -1.763822  |   4.607473  |  -4.128796  |   6.221527
3.075  |  -2.162567  |  -1.943808  |   4.091759  |  -3.278830  |   5.691870
3.100  |  -2.542821  |  -2.040438  |   3.379620  |  -2.179326  |   4.930496
3.125  |  -2.882801  |  -2.066374  |   2.506905  |  -0.886291  |   3.978671
3.150  |  -3.173766  |  -2.038007  |   1.518059  |   0.533005  |   2.886714
3.175  |  -3.407547  |  -1.974234  |   0.463588  |   2.003531  |   1.711361
3.200  |  -3.577022  |  -1.895101  |  -0.602815  |   3.446418  |   0.512789
3.225  |  -3.676584  |  -1.820378  |  -1.627298  |   4.783101  |  -0.648515
3.250  |  -3.702559  |  -1.768153  |  -2.558882  |   5.939462  |  -1.714901
3.275  |  -3.653552  |  -1.753551  |  -3.352316  |   6.849742  |  -2.634532
3.300  |  -3.530688  |  -1.787647  |  -3.970602  |   7.460034  |  -3.364058
3.325  |  -3.337738  |  -1.876638  |  -4.387035  |   7.731153  |  -3.870828
3.350  |  -3.081097  |  -2.021341  |  -4.586660  |   7.640732  |  -4.134536
3.375  |  -2.769627  |  -2.217045  |  -4.567057  |   7.184449  |  -4.148212
3.400  |  -2.414352  |  -2.453731  |  -4.338403  |   6.376300  |  -3.918514
3.425  |  -2.028031  |  -2.716645  |  -3.922828  |   5.247920  |  -3.465298
3.450  |  -1.624608  |  -2.987207  |  -3.353082  |   3.846975  |  -2.820492
3.475  |  -1.218588  |  -3.244186  |  -2.670601  |   2.234728  |  -2.026348
3.500  |  -0.824358  |  -3.465087  |  -1.923077  |   0.482889  |  -1.133142
3.525  |  -0.455494  |  -3.627662  |  -1.161671  |  -1.330060  |  -0.196468
3.550  |  -0.124095  |  -3.711444  |  -0.438026  |  -3.122888  |   0.725751
3.575  |   0.159824  |  -3.699229  |   0.198744  |  -4.815766  |   1.576363
3.600  |   0.388831  |  -3.578394  |   0.704933  |  -6.334323  |   2.302042
3.625  |   0.558452  |  -3.341977  |   1.044807  |  -7.613393  |   2.856140
3.650  |   0.667382  |  -2.989442  |   1.192726  |  -8.600265  |   3.201177
3.675  |   0.717529  |  -2.527080  |   1.134682  |  -9.257254  |   3.310855
3.700  |   0.713878  |  -1.968005  |   0.869186  |  -9.563469  |   3.171476
3.725  |   0.664173  |  -1.331741  |   0.407434  |  -9.515689  |   2.782703
3.750  |   0.578447  |  -0.643403  |  -0.227252  |  -9.128294  |   2.157622
3.775  |   0.468410  |   0.067469  |  -1.000682  |  -8.432280  |   1.322101
3.800  |   0.346727  |   0.768394  |  -1.869678  |  -7.473397  |   0.313487
3.825  |   0.226238  |   1.425648  |  -2.784491  |  -6.309535  |  -0.821288
3.850  |   0.119153  |   2.006094  |  -3.691597  |  -5.007481  |  -2.028098
3.875  |   0.036272  |   2.479045  |  -4.536735  |  -3.639246  |  -3.248382
3.900  |  -0.013725  |   2.818046  |  -5.268008  |  -2.278143  |  -4.422121
3.925  |  -0.024869  |   3.002473  |  -5.838873  |  -0.994851  |  -5.490881
3.950  |   0.005652  |   3.018861  |  -6.210852  |   0.146351  |  -6.400773
3.975  |   0.077239  |   2.861868  |  -6.355807  |   1.090952  |  -7.105158
4.000  |   0.185822  |   2.534816  |  -6.257657  |   1.797020  |  -7.566977
4.025  |   0.324017  |   2.049775  |  -5.913422  |   2.237294  |  -7.760581
4.050  |   0.481486  |   1.427162  |  -5.333546  |   2.400462  |  -7.672970
4.075  |   0.645499  |   0.694881  |  -4.541469  |   2.291551  |  -7.304379
4.100  |   0.801649  |  -0.112970  |  -3.572464  |   1.931423  |  -6.668196
4.125  |   0.934710  |  -0.957756  |  -2.471809  |   1.355401  |  -5.790211
4.150  |   1.029573  |  -1.798245  |  -1.292380  |   0.611117  |  -4.707251
4.175  |   1.072210  |  -2.592723  |  -0.091807  |  -0.244300  |  -3.465267
4.200  |   1.050624  |  -3.301178  |   1.070665  |  -1.147544  |  -2.116990
4.225  |   0.955717  |  -3.887437  |   2.137423  |  -2.032764  |  -0.719272
4.250  |   0.782024  |  -4.321122  |   3.055672  |  -2.835318  |   0.669742
4.275  |   0.528281  |  -4.579335  |   3.780379  |  -3.495432  |   1.993466
4.300  |   0.197765  |  -4.647955  |   4.276809  |  -3.961581  |   3.199599
4.325  |  -0.201599  |  -4.522490  |   4.522512  |  -4.193388  |   4.242585
4.350  |  -0.657385  |  -4.208410  |   4.508646  |  -4.163900  |   5.085691
4.375  |  -1.153080  |  -3.720954  |   4.240559  |  -3.861111  |   5.702589
4.400  |  -1.668733  |  -3.084399  |   3.737594  |  -3.288665  |   6.078381
4.425  |  -2.181821  |  -2.330828  |   3.032121  |  -2.465678  |   6.210017
4.450  |  -2.668290  |  -1.498461  |   2.167845  |  -1.425728  |   6.106092
4.475  |  -3.103725  |  -0.629631  |   1.197480  |  -0.215042  |   5.786057
4.500  |  -3.464581  |   0.231493  |   0.179913  |   1.110003  |   5.278879
4.525  |  -3.729418  |   1.041302  |  -0.822995  |   2.485927  |   4.621248
4.550  |  -3.880071  |   1.759153  |  -1.749788  |   3.845577  |   3.855423
4.575  |  -3.902692  |   2.349631  |  -2.542795  |   5.121750  |   3.026852
4.600  |  -3.788606  |   2.784555  |  -3.151329  |   6.250809  |   2.181679
4.625  |  -3.534929  |   3.044612  |  -3.534521  |   7.176095  |   1.364293
4.650  |  -3.144904  |   3.120519  |  -3.663638  |   7.850961  |   0.615039
4.675  |  -2.627948  |   3.013654  |  -3.523750  |   8.241245  |  -0.031793
4.700  |  -1.999375  |   2.736094  |  -3.114660  |   8.327074  |  -0.549584
4.725  |  -1.279822  |   2.310076  |  -2.451029  |   8.103880  |  -0.920541
4.750  |  -0.494393  |   1.766878  |  -1.561702  |   7.582605  |  -1.136335
4.775  |   0.328443  |   1.145188  |  -0.488250  |   6.789059  |  -1.198195
4.800  |   1.158143  |   0.489035  |   0.717185  |   5.762503  |  -1.116471
4.825  |   1.963512  |  -0.154608  |   1.994630  |   4.553503  |  -0.909691
4.850  |   2.714176  |  -0.738427  |   3.279461  |   3.221212  |  -0.603193
4.875  |   3.382050  |  -1.217427  |   4.505858  |   1.830206  |  -0.227398
4.900  |   3.942699  |  -1.551522  |   5.610330  |   0.447058  |   0.184158
4.925  |   4.376543  |  -1.707898  |   6.535148  |  -0.863159  |   0.596921
4.950  |   4.669831  |  -1.663029  |   7.231466  |  -2.040257  |   0.977431
4.975  |   4.815328  |  -1.404216  |   7.661992  |  -3.032016  |   1.295314
5.000  |   4.812685  |  -0.930580  |   7.803035  |  -3.796810  |   1.525066
5.025  |   4.668456  |  -0.253428  |   7.645831  |  -4.305622  |   1.647502
5.050  |   4.395775  |   0.604030  |   7.197075  |  -4.543358  |   1.650819
5.075  |   4.013675  |   1.607607  |   6.478616  |  -4.509398  |   1.531209
5.100  |   3.546122  |   2.713667  |   5.526337  |  -4.217341  |   1.292985
5.125  |   3.020770  |   3.871196  |   4.388278  |  -3.693994  |   0.948237
5.150  |   2.467520  |   5.024288  |   3.122103  |  -2.977647  |   0.516031
5.175  |   1.916962  |   6.114954  |   1.792040  |  -2.115749  |   0.021207
5.200  |   1.398757  |   7.086077  |   0.465465  |  -1.162118  |  -0.507142
5.225  |   0.940061  |   7.884388  |  -0.790690  |  -0.173842  |  -1.037434
5.250  |   0.564074  |   8.463280  |  -1.913507  |   0.791952  |  -1.537484
5.275  |   0.288776  |   8.785338  |  -2.847443  |   1.681279  |  -1.976416
5.300  |   0.125938  |   8.824421  |  -3.547298  |   2.446251  |  -2.326478
5.325  |   0.080448  |   8.567209  |  -3.980621  |   3.047646  |  -2.564672
5.350  |   0.149996  |   8.014097  |  -4.129440  |   3.456941  |  -2.674093
5.375  |   0.325146  |   7.179419  |  -3.991203  |   3.657717  |  -2.644903
5.400  |   0.589783  |   6.090945  |  -3.578899  |   3.646351  |  -2.474907
5.425  |   0.921922  |   4.788701  |  -2.920328  |   3.431967  |  -2.169675
5.450  |   1.294850  |   3.323150  |  -2.056583  |   3.035655  |  -1.742223
5.475  |   1.678527  |   1.752817  |  -1.039810  |   2.489016  |  -1.212275
5.500  |   2.041195  |   0.141503  |   0.069624  |   1.832110  |  -0.605144
5.525  |   2.351099  |  -1.444810  |   1.206411  |   1.110946  |   0.049691
5.550  |   2.578240  |  -2.941171  |   2.303840  |   0.374642  |   0.720240
5.575  |   2.696069  |  -4.286848  |   3.297414  |  -0.327564  |   1.373775
5.600  |   2.683024  |  -5.428312  |   4.128334  |  -0.949285  |   1.978637
5.625  |   2.523847  |  -6.321874  |   4.746684  |  -1.449772  |   2.505962
5.650  |   2.210583  |  -6.935831  |   5.114122  |  -1.796345  |   2.931230
5.675  |   1.743229  |  -7.252016  |   5.205940  |  -1.966348  |   3.235551
5.700  |   1.129986  |  -7.266651  |   5.012389  |  -1.948500  |   3.406614
5.725  |   0.387082  |  -6.990489  |   4.539184  |  -1.743576  |   3.439259
5.750  |  -0.461799  |  -6.448205  |   3.807172  |  -1.364376  |   3.335624
5.775  |  -1.386500  |  -5.677081  |   2.851178  |  -0.834997  |   3.104883
5.800  |  -2.351699  |  -4.725051  |   1.718095  |  -0.189430  |   2.762576
5.825  |  -3.318519  |  -3.648208  |   0.464319  |   0.530416  |   2.329591
5.850  |  -4.246331  |  -2.507887  |  -0.847331  |   1.277154  |   1.830847
5.875  |  -5.094684  |  -1.367500  |  -2.151033  |   2.000696  |   1.293773
5.900  |  -5.825256  |  -0.289254  |  -3.381542  |   2.651182  |   0.746652
5.925  |  -6.403732  |   0.669037  |  -4.477733  |   3.181917  |   0.216953
5.950  |  -6.801509  |   1.456927  |  -5.385911  |   3.552131  |  -0.270267
5.975  |  -6.997158  |   2.033903  |  -6.062715  |   3.729416  |  -0.693792
6.000  |  -6.977551  |   2.371438  |  -6.477450  |   3.691690  |  -1.037423
6.025  |  -6.738600  |   2.454407  |  -6.613716  |   3.428579  |  -1.290839
6.050  |  -6.285575  |   2.281799  |  -6.470267  |   2.942137  |  -1.450081
6.075  |  -5.632977  |   1.866698  |  -6.061027  |   2.246868  |  -1.517647
6.100  |  -4.803970  |   1.235511  |  -5.414279  |   1.369033  |  -1.502191
6.125  |  -3.829399  |   0.426511  |  -4.571068  |   0.345296  |  -1.417835
6.150  |  -2.746441  |  -0.512244  |  -3.582911  |  -0.779230  |  -1.283157
6.175  |  -1.596951  |  -1.525505  |  -2.508919  |  -1.953414  |  -1.119894
6.200  |  -0.425584  |  -2.553798  |  -1.412526  |  -3.122883  |  -0.951464
6.225  |   0.722211  |  -3.536607  |  -0.357962  |  -4.232997  |  -0.801375
6.250  |   1.802239  |  -4.415610  |   0.593301  |  -5.231834  |  -0.691630
6.275  |   2.773542  |  -5.137798  |   1.385960  |  -6.073032  |  -0.641223
6.300  |   3.600217  |  -5.658312  |   1.973944  |  -6.718328  |  -0.664815
6.325  |   4.252996  |  -5.942849  |   2.322982  |  -7.139635  |  -0.771675
6.350  |   4.710496  |  -5.969514  |   2.412507  |  -7.320557  |  -0.964951
6.375  |   4.960094  |  -5.730020  |   2.236822  |  -7.257243  |  -1.241312
6.400  |   4.998374  |  -5.230175  |   1.805437  |  -6.958537  |  -1.590998
6.425  |   4.831146  |  -4.489631  |   1.142583  |  -6.445418  |  -1.998264
6.450  |   4.473017  |  -3.540904  |   0.285899  |  -5.749751  |  -2.442210
6.475  |   3.946554  |  -2.427729  |  -0.715598  |  -4.912428  |  -2.897933
6.500  |   3.281086  |  -1.202822  |  -1.804194  |  -3.981005  |  -3.337960
6.525  |   2.511196  |   0.074820  |  -2.916622  |  -3.006964  |  -3.733854
6.550  |   1.674983  |   1.342957  |  -3.987529  |  -2.042754  |  -4.057920
6.575  |   0.812199  |   2.539299  |  -4.953059  |  -1.138790  |  -4.284895
6.600  |  -0.037678  |   3.604709  |  -5.754365  |  -0.340567  |  -4.393535
6.625  |  -0.837302  |   4.486249  |  -6.340856  |   0.313934  |  -4.367998
6.650  |  -1.553187  |   5.139886  |  -6.672999  |   0.796404  |  -4.198933
6.675  |  -2.157208  |   5.532763  |  -6.724530  |   1.089808  |  -3.884218
6.700  |  -2.627800  |   5.644867  |  -6.483944  |   1.189322  |  -3.429292
6.725  |  -2.950814  |   5.470060  |  -5.955193  |   1.102577  |  -2.847057
6.750  |  -3.119978  |   5.016383  |  -5.157542  |   0.849155  |  -2.157347
6.775  |  -3.136954  |   4.305643  |  -4.124597  |   0.459407  |  -1.386000
6.800  |  -3.010998  |   3.372296  |  -2.902560  |  -0.027383  |  -0.563559
6.825  |  -2.758241  |   2.261700  |  -1.547798  |  -0.565358  |   0.276304
6.850  |  -2.400634  |   1.027811  |  -0.123857  |  -1.104851  |   1.098572
6.875  |  -1.964627  |  -0.269533  |   1.301905  |  -1.595392  |   1.868761
6.900  |  -1.479638  |  -1.567616  |   2.661900  |  -1.988787  |   2.554807
6.925  |  -0.976408  |  -2.803971  |   3.891904  |  -2.242095  |   3.128825
6.950  |  -0.485325  |  -3.919467  |   4.934470  |  -2.320331  |   3.568664
6.975  |  -0.034801  |  -4.861205  |   5.741975  |  -2.198731  |   3.859156
7.000  |   0.350215  |  -5.585071  |   6.279140  |  -1.864453  |   3.992978
7.025  |   0.649504  |  -6.057818  |   6.524886  |  -1.317612  |   3.971083
7.050  |   0.848581  |  -6.258573  |   6.473425  |  -0.571571  |   3.802673
7.075  |   0.939361  |  -6.179710  |   6.134525  |   0.347520  |   3.504693
7.100  |   0.920486  |  -5.827027  |   5.532945  |   1.401933  |   3.100890
7.125  |   0.797279  |  -5.219255  |   4.707068  |   2.544250  |   2.620470
7.150  |   0.581346  |  -4.386908  |   3.706797  |   3.719840  |   2.096436
7.175  |   0.289850  |  -3.370558  |   2.590848  |   4.869778  |   1.563690
7.200  |  -0.055504  |  -2.218625  |   1.423569  |   5.934063  |   1.057011
7.225  |  -0.429713  |  -0.984799  |   0.271472  |   6.854949  |   0.609016
7.250  |  -0.805881  |   0.274752  |  -0.800343  |   7.580205  |   0.248229
7.275  |  -1.156705  |   1.504259  |  -1.731677  |   8.066122  |  -0.002634
7.300  |  -1.455969  |   2.651145  |  -2.470439  |   8.280099  |  -0.128070
7.325  |  -1.679969  |   3.668608  |  -2.975416  |   8.202653  |  -0.120781
7.350  |  -1.808783  |   4.517839  |  -3.218430  |   7.828740  |   0.017788
7.375  |  -1.827341  |   5.169792  |  -3.185800  |   7.168311  |   0.277417
7.400  |  -1.726219  |   5.606395  |  -2.879007  |   6.246047  |   0.639592
7.425  |  -1.502149  |   5.821170  |  -2.314540  |   5.100301  |   1.078479
7.450  |  -1.158186  |   5.819218  |  -1.522934  |   3.781279  |   1.562336
7.475  |  -0.703561  |   5.616603  |  -0.547057  |   2.348557  |   2.055302
7.500  |  -0.153215  |   5.239161  |   0.560264  |   0.868068  |   2.519466
7.525  |   0.472955  |   4.720820  |   1.739143  |  -0.591286  |   2.917091
7.550  |   1.151093  |   4.101514  |   2.925899  |  -1.961217  |   3.212882
7.575  |   1.854568  |   3.424838  |   4.056509  |  -3.177632  |   3.376171
7.600  |   2.555285  |   2.735536  |   5.070062  |  -4.184021  |   3.382886
7.625  |   3.225047  |   2.077000  |   5.912024  |  -4.934460  |   3.217190
7.650  |   3.836906  |   1.488886  |   6.537139  |  -5.396077  |   2.872697
7.675  |   4.366425  |   1.004985  |   6.911812  |  -5.550823  |   2.353191
7.700  |   4.792796  |   0.651464  |   7.015843  |  -5.396471  |   1.672778
7.725  |   5.099757  |   0.445558  |   6.843427  |  -4.946757  |   0.855475
7.750  |   5.276258  |   0.394781  |   6.403367  |  -4.230684  |  -0.065764
7.775  |   5.316870  |   0.496689  |   5.718487  |  -3.290985  |  -1.050551
7.800  |   5.221885  |   0.739200  |   4.824296  |  -2.181856  |  -2.053003
7.825  |   4.997155  |   1.101444  |   3.766968  |  -0.966058  |  -3.024052
7.850  |   4.653644  |   1.555089  |   2.600753  |   0.288449  |  -3.913970
7.875  |   4.206745  |   2.066058  |   1.384974  |   1.512163  |  -4.675005
7.900  |   3.675411  |   2.596542  |   0.180765  |   2.637785  |  -5.263983
7.925  |   3.081121  |   3.107194  |  -0.952260  |   3.603856  |  -5.644720
7.950  |   2.446772  |   3.559375  |  -1.959234  |   4.358084  |  -5.790123
7.975  |   1.795537  |   3.917339  |  -2.792973  |   4.860177  |  -5.683871
8.000  |   1.149754  |   4.150219  |  -3.416469  |   5.084031  |  -5.321550
8.025  |   0.529907  |   4.233736  |  -3.804805  |   5.019149  |  -4.711204
8.050  |  -0.046255  |   4.151507  |  -3.946388  |   4.671201  |  -3.873241
8.075  |  -0.564421  |   3.895919  |  -3.843435  |   4.061714  |  -2.839692
8.100  |  -1.014201  |   3.468506  |  -3.511703  |   3.226879  |  -1.652867
8.125  |  -1.389384  |   2.879820  |  -2.979458  |   2.215556  |  -0.363440
8.150  |  -1.687966  |   2.148822  |  -2.285776  |   1.086575  |   0.971913
8.175  |  -1.911938  |   1.301816  |  -1.478246  |  -0.094526  |   2.293234
8.200  |  -2.066878  |   0.371006  |  -0.610224  |  -1.259137  |   3.540200
8.225  |  -2.161360  |  -0.607243  |   0.262207  |  -2.339407  |   4.655110
8.250  |  -2.206226  |  -1.594348  |   1.083416  |  -3.272046  |   5.585768
8.275  |  -2.213771  |  -2.551524  |   1.801343  |  -4.001897  |   6.288127
8.300  |  -2.196883  |  -3.441792  |   2.370405  |  -4.485077  |   6.728541
8.325  |  -2.168189  |  -4.231838  |   2.754007  |  -4.691522  |   6.885520
8.350  |  -2.139265  |  -4.893641  |   2.926542  |  -4.606784  |   6.750875
8.375  |  -2.119943  |  -5.405789  |   2.874754  |  -4.232977  |   6.330204
8.400  |  -2.117751  |  -5.754397  |   2.598404  |  -3.588827  |   5.642680
8.425  |  -2.137522  |  -5.933608  |   2.110194  |  -2.708801  |   4.720155
8.450  |  -2.181189  |  -5.945638  |   1.434964  |  -1.641378  |   3.605605
8.475  |  -2.247757  |  -5.800388  |   0.608213  |  -0.446525  |   2.351020
8.500  |  -2.333468  |  -5.514647  |  -0.325976  |   0.807469  |   1.014814
8.525  |  -2.432128  |  -5.110939  |  -1.317485  |   2.047638  |  -0.341089
8.550  |  -2.535585  |  -4.616090  |  -2.313039  |   3.200281  |  -1.654353
8.575  |  -2.634309  |  -4.059609  |  -3.259245  |   4.194970  |  -2.865358
8.600  |  -2.718053  |  -3.471959  |  -4.105627  |   4.968422  |  -3.920188
8.625  |  -2.776544  |  -2.882853  |  -4.807486  |   5.468025  |  -4.773326
8.650  |  -2.800163  |  -2.319634  |  -5.328414  |   5.654810  |  -5.389914
8.675  |  -2.780577  |  -1.805858  |  -5.642330  |   5.505730  |  -5.747471
8.700  |  -2.711282  |  -1.360151  |  -5.734929  |   5.015099  |  -5.836959
8.725  |  -2.588039  |  -0.995389  |  -5.604449  |   4.195121  |  -5.663165
8.750  |  -2.409154  |  -0.718255  |  -5.261721  |   3.075466  |  -5.244353
8.775  |  -2.175623  |  -0.529187  |  -4.729513  |   1.701923  |  -4.611224
8.800  |  -1.891108  |  -0.422697  |  -4.041179  |   0.134183  |  -3.805235
8.825  |  -1.561765  |  -0.388055  |  -3.238721  |  -1.557120  |  -2.876345
8.850  |  -1.195932  |  -0.410276  |  -2.370347  |  -3.293973  |  -1.880340
8.875  |  -0.803704  |  -0.471336  |  -1.487689  |  -4.994947  |  -0.875844
8.900  |  -0.396413  |  -0.551560  |  -0.642813  |  -6.579361  |   0.078809
8.925  |   0.013942  |  -0.631066  |   0.114782  |  -7.971432  |   0.928678
8.950  |   0.415287  |  -0.691195  |   0.741033  |  -9.104173  |   1.625139
8.975  |   0.796055  |  -0.715830  |   1.199865  |  -9.922857  |   2.128470
9.000  |   1.145711  |  -0.692520  |   1.465294  |  -10.387835  |   2.409964
9.025  |   1.455209  |  -0.613343  |   1.522957  |  -10.476584  |   2.453455
9.050  |   1.717338  |  -0.475458  |   1.370979  |  -10.184858  |   2.256184
9.075  |   1.926959  |  -0.281311  |   1.020136  |  -9.526891  |   1.828950
9.100  |   2.081105  |  -0.038483  |   0.493289  |  -8.534628  |   1.195545
9.125  |   2.178961  |   0.240813  |  -0.175869  |  -7.256046  |   0.391507
9.150  |   2.221716  |   0.540537  |  -0.944689  |  -5.752632  |  -0.537759
9.175  |   2.212313  |   0.841903  |  -1.763960  |  -4.096166  |  -1.539376
9.200  |   2.155116  |   1.124644  |  -2.580690  |  -2.364974  |  -2.555791
9.225  |   2.055515  |   1.368401  |  -3.341112  |  -0.639855  |  -3.527819
9.250  |   1.919502  |   1.554130  |  -3.993757  |   1.000106  |  -4.397779
9.275  |   1.753255  |   1.665457  |  -4.492410  |   2.481619  |  -5.112552
9.300  |   1.562742  |   1.689880  |  -4.798787  |   3.740935  |  -5.626414
9.325  |   1.353401  |   1.619746  |  -4.884791  |   4.727074  |  -5.903468
9.350  |   1.129879  |   1.452941  |  -4.734199  |   5.404361  |  -5.919587
9.375  |   0.895885  |   1.193249  |  -4.343698  |   5.754127  |  -5.663728
9.400  |   0.654144  |   0.850338  |  -3.723213  |   5.775501  |  -5.138575
9.425  |   0.406450  |   0.439387  |  -2.895484  |   5.485250  |  -4.360468
9.450  |   0.153829  |  -0.019641  |  -1.894936  |   4.916669  |  -3.358624
9.475  |  -0.103213  |  -0.503034  |  -0.765890  |   4.117602  |  -2.173689
9.500  |  -0.364388  |  -0.984625  |   0.439787  |   3.147689  |  -0.855707
9.525  |  -0.629266  |  -1.437260  |   1.665463  |   2.074991  |   0.538396
9.550  |  -0.896926  |  -1.834363  |   2.852804  |   0.972190  |   1.947679
9.575  |  -1.165608  |  -2.151502  |   3.944941  |  -0.087450  |   3.310252
9.600  |  -1.432436  |  -2.367860  |   4.889580  |  -1.034129  |   4.566375
9.625  |  -1.693205  |  -2.467529  |   5.641870  |  -1.805345  |   5.661444
9.650  |  -1.942279  |  -2.440536  |   6.166875  |  -2.349322  |   6.548697
9.675  |  -2.172603  |  -2.283544  |   6.441508  |  -2.627836  |   7.191499
9.700  |  -2.375852  |  -2.000184  |   6.455830  |  -2.618299  |   7.565106
9.725  |  -2.542702  |  -1.600972  |   6.213623  |  -2.314973  |   7.657795
9.750  |  -2.663220  |  -1.102841  |   5.732211  |  -1.729281  |   7.471333
9.775  |  -2.727366  |  -0.528278  |   5.041548  |  -0.889166  |   7.020737
9.800  |  -2.725569  |   0.095871  |   4.182596  |   0.162441  |   6.333369
9.825  |  -2.649348  |   0.739868  |   3.205104  |   1.369965  |   5.447395
9.850  |  -2.491948  |   1.372746  |   2.164903  |   2.668216  |   4.409713
9.875  |  -2.248941  |   1.964062  |   1.120847  |   3.985946  |   3.273451
9.900  |  -1.918763  |   2.485658  |   0.131604  |   5.249718  |   2.095169
9.925  |  -1.503141  |   2.913305  |  -0.747569  |   6.387907  |   0.931926
9.950  |  -1.007374  |   3.228149  |  -1.467850  |   7.334595  |  -0.161647
9.975  |  -0.440450  |   3.417864  |  -1.989538  |   8.033157  |  -1.136105
10.000  |   0.185026  |   3.477441  |  -2.284235  |   8.439351  |  -1.949642